5.563214839882059337e+00
4.680539596024245519e+00
4.373811157934795801e+00
2.152138375345922228e+00
5.219228329585846815e+00
3.775922376838686034e+00
6.091568023145580213e+00
4.571562418660831462e+00
5.704042704708992773e+00
6.534812125928021409e+00
3.051299665952188267e+00
2.691180484245850657e+00
7.011993139715571033e+00
6.904408012022630992e+00
2.559524568565492153e+00
4.103937432928532303e+00
2.579900933358153736e+00
6.726115418994123019e+00
4.900906613511597953e+00
5.909171011397972961e+00
2.426019182409558717e+00
5.402950800051815605e+00
2.233580460611945817e+00
5.482783807459137293e+00
2.412135039075015808e+00
7.604554332562673657e+00
3.040807732619872805e+00
4.233995333850648635e+00
5.025495500685790873e+00
3.213707799905671347e+00
4.249896527996989803e+00
4.162026380041000451e+00
7.350430146279405719e+00
1.907393417939795999e+00
3.229091099110463770e+00
6.351364901036284927e+00
6.587569390663444935e+00
9.055895616782372315e-02
1.033401261998654785e+00
4.576088160107332214e+00
5.736975245580848259e+00
3.560355863534403476e+00
5.527610902404483717e+00
5.214985548005667937e+00
4.919615316731505317e+00
5.888328955800083975e+00
5.137410680082742154e+00
6.549465135245343461e+00
3.644647895347473909e+00
4.616772759634003798e+00
5.555161503824803226e+00
6.542485319522265641e+00
6.550038002892919486e+00
5.060404838792186943e+00
3.551868135484804068e+00
6.257196438059443366e+00
2.914830256321616631e+00
8.960290891752757503e+00
5.176727815379404518e+00
3.702910936237682193e+00
5.677229850728719107e+00
3.786966657304563277e+00
3.904131195358638173e+00
4.465437919421962221e+00
4.798254619923373987e+00
5.249874646697412217e+00
4.791317298389574653e+00
6.966535464327843208e+00
6.757528637458023013e+00
3.091935182516912128e+00
4.235475929690857733e+00
5.572685880226732280e+00
5.403112681267348449e+00
8.345074973608706870e+00
2.484484034501016403e+00
3.816652695716961752e+00
3.966807859971109629e+00
4.835396074955522927e+00
4.251528527484255804e+00
5.337865412103181662e+00
5.365870095854611499e+00
4.281371157807379646e+00
5.162366818338996133e+00
4.508340197894592727e+00
3.885083437662280037e+00
2.204642622201003377e+00
7.329630816750688282e+00
6.635175215058613851e+00
4.179247649949665799e+00
3.230118481531940144e+00
3.155601406526551855e+00
5.176926331220325750e+00
7.163279990255697172e+00
8.009313816724478841e+00
1.171673869198635476e+00
1.420581660373119615e+00
4.770354432536345612e+00
8.618070414905441012e+00
4.133782716580740590e+00
3.914855806385326709e+00
5.078225024184574110e+00
6.543949876921051789e+00
3.425300955796264368e+00
4.716459433071339191e+00
6.926372223880099099e+00
7.486005005144244606e+00
6.753394096598223761e+00
5.592397496557444114e+00
4.632770150629434980e-01
6.861893491881828844e+00
8.849704781629805339e+00
1.050711371954282658e+00
2.379742185702341750e+00
7.613869320955345188e+00
6.702385300777656596e+00
4.723984945378688849e+00
4.976285299145023266e+00
4.379398974052771010e+00
8.082470067547903980e+00
2.298270715215301685e+00
4.450595128256995103e+00
4.439499826950739525e+00
5.385598485693882331e+00
7.774285635896413638e+00
3.067171070160227941e+00
5.667849123033042780e+00
4.376553548528519855e+00
8.885008786582140772e+00
5.951359555891683861e+00
6.564552806395267837e+00
4.362025955920787013e+00
5.179585843824013658e+00
6.713552726768266865e+00
1.754341293599440021e+00
1.745968426200362078e+00
6.775441460950026418e+00
6.747269963634484391e+00
4.819956590802308760e+00
3.820545791331737107e+00
4.062096771525988359e+00
9.244606737049863909e+00
5.592846181342673972e+00
5.663527602311969389e+00
2.297596516924047538e+00
5.905565024835611077e+00
4.896952330907076600e+00
6.942473862746888713e+00
4.803914743808424426e+00
5.058009452591039512e+00
6.573104248420484907e-01
5.317943210568859769e+00
7.429469930732547134e+00
8.028026399762124399e+00
1.734669765652139262e-01
8.073170440165929662e+00
5.259938542877407919e+00
8.009018203448469819e+00
1.272274770823500489e-02
7.244878521494028334e+00
1.590821430003647841e+00
5.179755539342004944e+00
3.104733219113573917e+00
7.593437379194297066e+00
1.530981177696157047e+00
3.251503347312140413e+00
5.869849601915535509e+00
5.507897762534700092e+00
6.655677059478885660e+00
5.112323688104686958e+00
7.909363041111726389e+00
6.200903183959612264e+00
4.006858294294943335e+00
4.580905752455297630e+00
5.917323512475844538e+00
4.902433753953468809e+00
3.266022444107538725e+00
1.899317128460931592e+00
3.671481791709513942e+00
8.973570201700091786e+00
5.122810588428500900e+00
3.677301378339475679e+00
7.276532626638418932e-01
2.018609032657892044e+00
8.358708068509105971e+00
4.459874741337144677e+00
1.035701638276065495e+01
4.826743716260255113e+00
5.743154121730627004e+00
7.818986439761062002e+00
4.378150441875646948e+00
5.932952151043918931e+00
6.950839029027659599e+00
7.779876757693941158e+00
-8.195680228435771042e-01
7.264904323477269443e+00
4.435788338751255111e+00
6.226037349376732699e+00
6.186513599664120733e+00
3.249669448529566740e+00
3.778483230512759139e+00
5.942514923111363423e+00
3.305442833430398686e+00
5.472338985993697946e+00
2.770484895718003493e+00
3.748811172542322989e+00
6.849128673303821913e+00
5.889270911200914504e+00
7.653161269656214571e+00
5.060097102178580997e+00
3.982731574765909333e+00
6.336373342604215253e+00
5.952221737272523683e+00
5.354881710688362162e+00
4.890577546099956763e+00
9.358813807937584883e-01
3.672725394865509863e+00
5.699141881207566485e+00
2.334527078859042426e+00
8.231757102365854450e+00
1.265965889485308526e+00
3.487241619433771866e+00
7.561529657582646280e+00
4.222364759681919821e+00
5.178776900329356891e+00
5.817473922550796317e+00
6.770294689402649446e+00
3.625394725420933995e+00
7.164786366094279657e+00
4.016765028198689969e+00
2.483802335193295185e+00
4.660436231694798259e+00
2.718396104718102002e+00
3.532115552117856438e+00
3.332119481299347985e+00
7.541721296100055483e+00
3.855318505802497242e+00
3.924597621968000549e+00
6.453965917411043307e+00
3.086822216629265814e+00
3.790226939191450484e+00
4.046646509012784776e+00
4.974071950519916463e+00
6.580948030281767558e+00
1.999527631125275207e+00
8.192747756133950787e+00
7.117563307068591527e+00
2.121911627728399363e+00
3.244034561412579620e+00
6.593403307201601393e+00
2.513670638567526705e+00
3.586295798467004303e+00
3.358945552363317155e+00
5.662123779339188090e+00
5.242914102136766452e+00
3.556301327737798168e+00
2.433801318359640753e+00
5.603163939606564448e+00
4.994760891012942849e+00
4.480743806423983955e+00
4.499062794165350709e+00
4.790557298917771156e+00
5.823062560188167147e+00
3.181258865907226507e+00
5.102464295367099112e+00
2.667564972317570948e+00
5.437180487681847474e+00
5.193989443497699199e+00
3.734798336611528491e+00
4.722813591765818053e+00
6.030034507157512103e+00
2.808109577794631218e+00
6.330379378756942010e+00
5.697413230059783729e+00
7.186994453592075338e+00
5.139534909883136216e+00
2.052472983788017125e+00
5.879219029506506544e+00
7.295811233640444371e+00
5.284790504497470565e+00
7.263101648231978125e+00
2.543609429998591409e+00
1.993829613531441058e+00
2.493201769512388477e+00
2.121967292486198087e+00
3.934951447723462614e+00
6.014308335517939419e+00
3.836988573581503026e+00
5.394561839886557131e+00
5.036351516407093776e+00
4.639251818912947023e+00
6.651565865458456628e+00
5.922831612864145612e+00
5.495451644757420873e+00
3.717501125236500670e+00
3.117531917645488981e+00
1.885758039342265491e+00
6.075822697863854316e+00
4.863191780461551872e+00
6.996889877803129210e+00
5.421092416785234569e+00
7.425135852924142910e+00
6.019155231871183176e+00
4.868199317452832631e+00
4.920762791559507576e+00
9.475900477384454845e+00
2.982174559271685954e+00
5.023073887048500552e+00
4.497684150764628797e+00
4.775153895920142944e+00
4.121305853661565877e+00
5.956061685259534499e+00
2.426551806856230176e+00
6.019580977428477198e+00
8.399993763628760490e+00
8.565887674461476919e+00
5.992136668603342819e+00
7.800784038845317347e+00
7.359697597876012409e+00
2.928023349526795105e+00
2.447760439928977849e+00
5.822761284706672313e+00
5.439821735251799240e+00
7.891060074323742235e+00
4.394466660898111776e+00
5.157278915123537644e+00
2.313663664584693080e+00
2.878981040781412926e+00
5.549670857501666887e+00
5.552984823444500506e+00
5.107230781882570625e+00
3.663261964100759549e+00
4.530248177473521487e+00
1.229961121180580985e+00
7.508156344634723034e+00
7.746624388170003428e+00
5.408694442470334707e+00
6.808584828236599051e+00
6.788781047294186521e+00
6.234807120960850213e+00
6.090650871327114579e+00
5.366157163363514115e+00
5.576142175294513059e+00
4.682569099287602121e+00
4.605957404437569735e+00
6.769794637718959507e+00
6.875907119364895514e+00
7.780288137036460050e+00
2.033456574583568877e+00
5.744420621557544848e+00
5.339357037638279735e+00
4.897903366465096830e+00
3.441997897421469332e-01
6.528509078211927275e+00
6.087810193348934362e+00
7.023553925203039228e+00
5.638639772317964649e+00
5.542278335759229790e+00
5.069029873090011407e+00
6.513399293078215635e+00
4.187435873329212299e+00
7.723668499708169044e+00
6.586470013996577499e+00
5.329465372602102846e+00
6.022525857886334322e+00
7.380988782417954752e+00
6.232644333940060122e+00
3.465370677286723655e+00
2.730337880011889595e+00
3.408571744122829372e+00
3.029783694426995577e+00
6.896685705509288056e+00
2.089874329486712590e+00
6.249090345694683357e+00
9.094027022414801209e-01
7.935477494517825470e+00
4.546070590581309467e+00
4.150247859568728437e+00
5.173175093512498712e+00
4.289545086985630640e+00
9.214235386550143403e+00
5.988805534802605024e+00
4.652062419105694957e+00
4.404087523852510344e+00
6.484147210340448275e+00
4.349739519620648309e+00
7.230441809660971941e+00
4.433100806356886636e+00
6.889182749959729790e+00
2.113679719596865958e+00
4.992649023082967652e+00
7.019104428092425962e+00
5.169018281561951866e+00
5.111485511168027074e+00
4.912828396877746862e+00
7.570749823451849103e+00
4.965771384780323316e+00
1.541742901736537164e+00
8.476579048349730527e+00
6.849445796786732821e+00
1.450522547745166424e+00
2.866223008792577076e+00
4.525433645484826073e+00
5.116957822086228624e+00
8.198706437683844328e+00
6.916091309109640761e+00
2.988714689471302144e+00
4.180517721483226978e+00
6.692344879427068349e+00
4.381623892766347339e+00
5.989468270000687156e+00
8.206237339831973898e+00
8.662542876635098921e+00
5.964119027622555969e+00
2.574074972983622089e+00
5.952609436215552385e+00
3.356082492271711182e+00
3.876394982671654610e+00
3.272265959414111247e+00
3.303007827678498209e+00
5.334514657959537942e+00
6.311857370843558357e+00
3.149140278341830967e+00
4.972184046498604459e+00
3.722407192304880930e+00
3.605995240245523092e+00
2.387672723197342251e+00
5.297478975336946228e+00
4.138129888056599093e+00
5.154426211722760165e+00
2.263817682505537832e+00
5.054861039699344083e+00
3.726092871355715097e+00
4.555757075860040750e+00
2.315234093684041206e+00
3.095075635137542136e+00
1.898902208307490014e+00
4.897356280518446070e+00
6.616235812559494001e+00
7.294593882716840838e+00
6.719299386285902287e+00
4.462186571071013574e+00
3.569314920972594507e+00
4.743249011783854385e+00
5.323710299770274545e+00
3.669332541223138122e+00
4.759312917583027769e+00
2.636673450055456946e+00
7.172400828634975412e+00
5.532709569028730456e+00
7.548398004348289447e+00
5.795706475657736334e+00
5.633332584077837879e+00
6.296842666368874575e+00
2.527268316420717920e+00
6.535441892377395590e+00
5.652077475480099977e+00
7.196719308634776269e+00
4.721466882160943790e+00
3.536505522167493254e+00
7.246118213021221166e+00
4.642217653270280131e+00
5.008495375257798976e+00
4.910122693093492252e+00
4.343105040513062676e+00
1.464850521739594846e+00
4.951278954935456333e+00
4.956549104234710512e+00
4.153439140339052038e+00
4.731067498090445689e+00
5.341958539166230757e+00
2.910721025985306909e+00
4.231852805358037095e+00
5.979484650304125459e+00
2.776615179835858704e+00
1.547212138433816442e+00
4.981212294476933700e+00
2.756219462862204761e+00
4.425713613875804420e+00
2.271616200807713870e+00
1.034393095949451435e+01
4.001530153544528012e+00
5.423032341680362300e+00
7.343758077903659753e+00
2.210299381780071126e+00
2.799059369823005738e+00
9.546946625600755354e+00
5.340991479955200738e+00
6.048194296973740336e+00
5.906752255460337331e+00
2.497009926511067235e+00
5.055114535380551111e+00
6.246603348904861797e+00
4.441292658862106890e+00
7.408873338059489555e+00
5.862410576814245822e+00
4.245805700745176381e+00
2.542091935257704716e+00
4.961702317604648194e+00
4.988482156953641500e+00
7.412190714286328586e+00
4.324205223038321222e+00
3.193230477821946689e+00
5.305891250490833322e+00
5.079007815368678180e+00
5.517492980482995080e+00
4.665601555275392442e+00
4.223253508391287880e+00
5.348342859029790120e+00
7.884699223823762537e+00
4.469873797827904838e+00
6.884383322954247042e+00
4.343667316103156040e+00
5.400238267616803256e+00
3.670399077406480970e+00
6.325398656850452994e+00
7.696437396017095978e+00
4.333204008850330524e+00
5.381648899477935899e+00
9.311395174661353025e+00
6.420376296994394494e+00
6.045089776277854376e+00
5.063906239614779814e+00
2.996761063730799091e+00
5.629638764690216846e+00
5.342410129594711066e+00
9.611632330914723354e+00
5.464033233045839211e+00
7.905368962487989037e+00
6.347435862938585416e+00
4.105636087610859519e+00
4.842704325540397647e+00
6.404231417477941335e+00
3.531971402841229679e+00
6.224335315126849011e+00
7.592180692086831328e+00
5.800573625420042845e+00
1.016940302091870585e+01
6.838774879685954211e+00
3.589301651677858196e+00
5.032827064004652406e+00
1.240898205056813364e+00
4.373566156903542890e+00
4.410041906690908675e+00
5.739694530293510510e+00
7.159486044951536954e+00
7.376042284177307451e+00
6.844252056973098242e+00
2.024551072053700107e+00
8.138061458166438555e+00
5.686325473447809919e+00
6.612607857381828325e+00
2.646407416850701466e+00
4.946430463879468498e+00
4.627575535217397729e+00
2.411078253458468268e+00
3.175181556247052672e+00
8.345785606933834089e+00
4.979030482554954062e+00
5.174554130019724418e+00
5.647525578313713268e+00
5.386789461377765598e+00
6.510767186930983996e+00
5.859173348196295095e+00
1.434513688411466426e+00
5.741065619991350566e+00
4.023577891908567850e+00
4.558785977231357478e+00
4.957094541726734249e+00
2.386054629784606362e+00
8.939024170969357641e+00
3.051942378964700886e+00
6.878147650596610596e+00
3.871252782812605542e+00
6.506801683112908741e+00
4.775189489777716290e+00
5.366051067566969479e+00
4.442349496394021102e+00
3.710619171797184812e+00
4.887151243570717618e+00
6.238152029526858655e+00
4.096996474551564127e+00
3.183464660701252669e+00
6.929794158762745404e+00
5.134847316595027245e+00
1.567120890895329133e+00
3.847215776978189616e+00
3.460689130538580738e+00
2.709955901583267934e+00
5.076055835158752139e+00
1.006654964614253345e+01
6.221281136545846024e+00
6.129136571974238556e+00
7.169769259353380164e+00
3.716020956575219358e+00
6.566559782056488714e+00
4.776224886737934661e+00
6.904690236513783219e+00
2.886564865508975952e+00
7.403637167897182181e+00
6.763258771027230942e+00
2.585494757707142099e+00
6.582188006420745197e+00
3.249208872829617789e+00
6.047753157452753214e-01
-1.090192215101755124e+00
7.981768489274791989e+00
4.573590722235895356e+00
5.186877103484412999e+00
5.716182650152236810e+00
5.409633861715116510e+00
9.950425659279698465e+00
3.356222332221284965e+00
5.480587810876077270e+00
5.615153239119276662e+00
5.812924922344190115e+00
8.034501341684507025e+00
4.034088328642929433e+00
5.316718226871836706e+00
7.178393358719851847e+00
7.618602626920458754e+00
3.717709520188531958e+00
6.853579843130043869e+00
8.059742800954150965e+00
6.790767725609947902e+00
6.380075539417602748e+00
7.738776521739434422e+00
2.323918159886454227e+00
4.550203405410683466e+00
5.098776922136483591e+00
3.322877890178231652e+00
5.149470526231323397e+00
1.667315808267188171e+00
6.667093057053083527e+00
6.254502257860092840e+00
5.954273833825013185e+00
9.438423289239755931e+00
4.090879056074462561e+00
6.149417808460188262e+00
5.680997938322892793e+00
3.721225545848031224e+00
6.380760437855100164e+00
8.052810697841742638e+00
4.413310244562284268e+00
2.979469289609658400e+00
4.830064594972492742e+00
6.174287357968053946e+00
1.347549253228100596e+00
7.602935657006947956e+00
9.209205345071325155e+00
3.742639310581739487e+00
8.850397481488851525e+00
5.420581180952937395e+00
4.667162962062204379e+00
5.195192645851245850e+00
3.647032131684194489e+00
5.862852935725882730e+00
7.523763299777850300e+00
4.814544425473268774e+00
2.627430878335864417e+00
6.291459014534224181e+00
5.939447552941921060e+00
5.633507718837593714e+00
6.997056815065095137e+00
1.677410181983882698e+00
9.033115638167362960e+00
2.909368318767316275e+00
2.304195179249024505e-02
6.950242133455576621e+00
4.756365906933404553e+00
3.815764026194234049e+00
4.689464655208310795e+00
2.949819542144635598e+00
3.048863641995765761e+00
4.688244208174306316e+00
6.023833567698195779e+00
6.803755622288988114e+00
4.133403107808251598e+00
1.519655901773969919e+00
3.039125328707089402e+00
5.121665895118536760e+00
4.496093031743469304e+00
5.431438666278989302e+00
7.790378677817347608e+00
2.587812316258788936e+00
8.410240637962292709e+00
7.451845391622352821e+00
4.887857079095391022e+00
5.953082314075822445e+00
3.340730914080126457e+00
4.103980720467445664e+00
3.831451481669240877e+00
1.657668931063204898e+00
6.026521216854332508e+00
5.745149099347745647e+00
7.381175046869300260e+00
3.541152016251095880e+00
7.016186981303238923e+00
6.626639613519868632e+00
4.792929225885938394e+00
3.709174561204062748e+00
4.092939129921538743e+00
3.072922577780182962e+00
4.103635505756883184e+00
3.501866303264569602e+00
4.063778359141974050e+00
3.802241386870230500e+00
1.995228816277791584e+00
4.279493312628081192e+00
5.128070006602723829e+00
5.726812798286471384e+00
3.351478159973354298e+00
5.122333034772680094e+00
1.436283754616741515e+00
6.229150999876877037e+00
4.880917581367249625e+00
8.785045134090962549e+00
6.077754524810471182e+00
8.141165694861260960e+00
5.286850265904575963e+00
3.636856673709361054e+00
7.265918532683091513e+00
5.067107902182568679e+00
2.364350879737817213e+00
3.586724542882013367e+00
2.195346880843071613e+00
-1.797691208988288381e+00
5.264149928913057330e+00
1.053392862940673691e+00
5.433503694510292803e+00
4.911056841366457704e+00
9.043728038417103932e+00
4.377516355529001757e+00
4.358218140392787987e+00
7.588179903068132504e+00
4.393911197719576833e+00
5.836728399618391627e+00
3.030195800572744957e+00
4.164314003770116734e+00
4.771084062606467668e+00
6.397893973451267868e+00
3.022935934007650260e+00
3.873322587865927424e+00
7.019150094292482933e+00
2.431077434041907459e+00
8.034704561194423889e+00
8.532322114293069859e+00
6.976358235187712253e+00
8.027983406283185630e+00
1.846447483897708963e+00
1.643291116818979880e+00
4.176875751344540255e+00
7.319872212387195987e+00
5.825630293334336685e+00
1.644477035764288164e+00
8.752153051276598816e+00
2.280855796926448686e+00
5.026359914579032306e+00
5.423979431736859702e+00
7.882314760041506219e+00
7.236690336397504808e+00
4.696916916085124072e+00
6.518465225009627773e+00
4.052677464373621419e+00
6.241801515557830804e+00
5.481307357475420972e+00
6.214774836606125064e+00
4.370239377764025157e+00
4.146395402861014823e+00
3.231533360504414976e+00
5.324495783521486558e+00
4.753908871231462996e+00
7.539448443746789685e+00
2.973882000192320962e+00
2.018806076472417832e+00
3.707041770853376494e+00
6.735563497140615752e+00
7.729286714000950909e+00
5.852195777412401156e+00
6.909742110022556005e+00
2.984929540155695449e+00
6.733860926110050826e+00
2.359234164704924197e+00
4.379800137243501368e+00
8.141343796241795161e+00
5.007103111577693610e+00
6.946823633353007565e+00
4.061111620591108640e+00
2.718977237488184873e+00
3.362975459387892663e+00
5.419377587115155492e+00
7.331321774360159971e+00
6.266851654221026635e+00
4.289461183875779682e+00
4.092299977261316890e+00
8.364546498623191439e+00
4.504159573305399178e+00
3.956864644476755899e+00
6.575187859062411100e+00
8.290935890786991891e+00
9.451981680332206537e-01
2.440369117181279357e+00
4.684573387473466966e+00
3.195208429214490664e+00
2.974001697861226035e+00
2.167207032769870256e+00
6.083925934656630119e+00
5.881469364482111217e+00
2.894692513718951865e+00
5.856261595261209152e+00
4.094552968485508870e+00
5.410663301492054877e+00
1.630420475811062975e+00
5.253640887690268713e+00
3.798334762972820133e+00
4.348701737249336396e+00
7.909767988347674361e+00
4.490500888906391097e+00
4.803798786952442335e+00
3.922988681535425570e+00
5.599986086375749572e+00
3.231340817937158327e+00
3.768022779498366059e+00
6.105377864156904977e+00
3.284399238956293487e+00
6.217654893449272357e+00
4.570944641071990056e+00
8.860106961045058682e+00
4.571076168289075703e+00
4.870084445974176113e+00
5.165871433418697478e+00
3.999031011901295507e+00
6.018376784794001289e+00
4.194367250957439452e+00
4.350033848427139915e+00
7.673851460491698973e+00
1.666168148653988990e+00
4.704535384889984684e+00
1.310718129686410105e+00
3.691793839146809475e+00
5.977370652133677353e+00
7.610322707735156733e+00
4.964754643179388083e+00
9.948259912888676837e+00
3.296673706117083213e+00
4.029095622682738131e+00
7.602119349243925406e+00
4.339627421138854579e+00
5.498367752058668678e+00
5.762974628121112275e+00
2.690795725301429631e+00
7.700528405201449544e+00
1.260448306168205690e+00
2.439212261446134900e+00
2.798123933232607996e+00
7.284077289713083658e+00
4.408234990142799958e+00
3.628485920583242486e+00
3.153133316171026657e+00
2.999719397898367390e+00
4.257203259089545000e+00
6.670990695622194266e+00
5.013201478710991310e+00
4.200810373003944775e-01
5.605949460612125179e+00
6.361725917479494896e+00
6.488725200725197872e+00
5.760028272820515660e+00
2.773709980558167310e+00
4.303962349762562312e+00
4.761355467839916145e+00
2.166666145766376061e+00
2.344598738295489149e+00
5.260763838533789816e+00
5.471369403213886429e+00
4.550368719374485060e+00
6.436667799745099394e+00
5.088466790699085252e+00
4.867067871375058807e+00
4.562902682648449115e+00
2.722976592859739586e+00
4.044835019041327584e+00
8.439498924842009586e+00
5.644999231248435834e+00
7.109981775085973510e+00
6.963635965988647314e+00
6.751207064790172296e+00
5.459301867582309065e+00
3.581365894797415184e+00
8.141089284490233169e+00
3.753904328780689692e+00
4.889074185759916702e+00
5.038742873767501074e+00
4.538905354367626543e+00
5.848292159061577067e+00
1.041848034695477665e+01
5.842827461034876713e+00
4.332714111618946262e+00
2.556775989654256342e+00
8.111450148441308627e+00
3.921125333339513741e+00
8.489478523095398188e+00
4.664335242944929405e+00
4.956813290235329461e+00
4.442728957825074154e+00
7.241673564845758193e+00
6.553931401071231733e+00
1.743366571076681470e+00
6.052864684670314688e+00
4.375975790046715552e+00
4.566502918719940851e+00
6.958700077491883462e+00
3.837797288826367392e+00
2.803081655685523810e+00
6.437892859827535119e+00
5.325338046637583034e+00
3.774262664644484122e+00
2.201680782734265485e+00
2.654314716178773459e+00
4.132926306270181094e+00
5.894774435511034305e+00
4.649822320523925967e+00
6.666915441035254908e+00
4.603508148304912062e+00
6.268192550354462433e+00
2.940037987777671002e+00
6.388116763680158350e+00
4.192879908694394864e+00
6.915445251067419363e+00
6.734289664424290223e+00
4.913203235397546997e+00
2.723794347722290343e+00
3.042001973543961846e+00
8.019893363191947344e+00
6.702502721719599599e+00
4.875794706221458163e+00
5.397218914871404927e+00
4.866064121152132493e+00
5.389415623570917191e+00
5.859898562397729549e+00
6.675455146600199008e+00
3.817871047590525091e+00
5.585227192203251256e+00
3.848943979666374915e+00
2.587191396127178411e+00
5.885760335291829293e+00
1.534904640062168202e+00
3.034307763085370979e+00
8.059773455595205860e+00
5.463808239432060176e+00
5.766486722104739115e+00
6.560179009170653330e+00
6.379173091229444204e+00
8.282012934739976018e+00
5.628747626810121751e+00
5.674822107234988700e+00
5.672776520716353410e+00
5.323882540781657902e+00
7.036315267987250266e+00
3.087963221588307050e+00
5.167549182518301976e+00
5.095813203621199605e+00
7.389732190129123524e+00
6.065609841996121077e+00
3.598712304478727475e+00
5.718456580736930306e+00
5.380647417872170379e+00
6.116708400431758008e+00
4.238025559385621754e+00
7.696190263169516044e+00
4.816578952117378520e+00
9.491134087437734124e+00
8.682555728354376612e+00
6.973714317673931795e+00
2.738303092915725490e+00
5.660839693739907474e+00
6.545067345222893351e+00
5.031598486007394122e+00
4.980426358785685181e+00
4.400658314208637734e+00
6.061822774953678383e+00
3.286923443883032370e+00
3.748847615924675303e+00
7.816793923596349281e+00
7.614653301871705082e+00
2.474537642943716254e+00
5.250859397465633016e+00
7.838813857733327950e+00
5.323338627208003437e+00
4.760288135974124479e+00
9.051989948954135556e+00
5.381941967188221376e+00
8.986516706216207240e+00
4.580961298714338881e+00
7.419483723677172904e+00
3.743002010464395735e+00
3.703194710461847450e+00
6.143818430516684970e+00
3.983733705793676805e+00
9.270275805314206252e+00
4.403902513133617802e+00
