2.66113980e+02 -2.94927500e+01
2.66113980e+02 -2.94927500e+01
2.66159290e+02 -2.94866400e+01
2.66168940e+02 -2.94844600e+01
2.66264790e+02 -2.94836900e+01
2.66169770e+02 -2.94830400e+01
2.66169770e+02 -2.94830400e+01
2.66169770e+02 -2.94830400e+01
2.66169770e+02 -2.94830400e+01
2.66169770e+02 -2.94830400e+01
2.66169770e+02 -2.94830400e+01
2.66169770e+02 -2.94830400e+01
2.66248110e+02 -2.94815400e+01
2.66248110e+02 -2.94815400e+01
2.66248110e+02 -2.94815400e+01
2.66248110e+02 -2.94815400e+01
2.66248110e+02 -2.94815400e+01
2.66248110e+02 -2.94815400e+01
2.66248110e+02 -2.94815400e+01
2.66248110e+02 -2.94815400e+01
2.66254350e+02 -2.94806800e+01
2.66254350e+02 -2.94806800e+01
2.66155970e+02 -2.94756000e+01
2.66148450e+02 -2.94742500e+01
2.66171790e+02 -2.94741400e+01
2.66082720e+02 -2.94726800e+01
2.66155530e+02 -2.94719900e+01
2.66155530e+02 -2.94719900e+01
2.66155530e+02 -2.94719900e+01
2.66083010e+02 -2.94720700e+01
2.66083010e+02 -2.94720700e+01
2.66083010e+02 -2.94720700e+01
2.66083010e+02 -2.94720700e+01
2.66165530e+02 -2.94716700e+01
2.66165530e+02 -2.94716700e+01
2.66169070e+02 -2.94713200e+01
2.66169150e+02 -2.94711200e+01
2.66167190e+02 -2.94709600e+01
2.66167190e+02 -2.94709600e+01
2.66169100e+02 -2.94709600e+01
2.66168940e+02 -2.94708700e+01
2.66151770e+02 -2.94706200e+01
2.66168020e+02 -2.94705400e+01
2.66168020e+02 -2.94705400e+01
2.66168020e+02 -2.94705400e+01
2.66168020e+02 -2.94705400e+01
2.66167100e+02 -2.94704900e+01
2.66166770e+02 -2.94702700e+01
2.66166770e+02 -2.94702700e+01
2.66168850e+02 -2.94702600e+01
2.66167560e+02 -2.94701300e+01
2.66151760e+02 -2.94700700e+01
2.66151760e+02 -2.94700700e+01
2.66151760e+02 -2.94700700e+01
2.66153430e+02 -2.94700600e+01
2.66151760e+02 -2.94700700e+01
2.66151760e+02 -2.94700700e+01
2.66167390e+02 -2.94699600e+01
2.66169140e+02 -2.94692900e+01
2.66169140e+02 -2.94692900e+01
2.66169140e+02 -2.94692900e+01
2.66171760e+02 -2.94688600e+01
2.66171760e+02 -2.94688600e+01
2.66143420e+02 -2.94684400e+01
2.66143420e+02 -2.94684400e+01
2.66143420e+02 -2.94684400e+01
2.66150080e+02 -2.94678500e+01
2.66147580e+02 -2.94678700e+01
2.66150080e+02 -2.94678500e+01
2.66150080e+02 -2.94678500e+01
2.66174250e+02 -2.94677400e+01
2.66174250e+02 -2.94677400e+01
2.66147570e+02 -2.94664800e+01
2.66147570e+02 -2.94664800e+01
2.66171990e+02 -2.94661600e+01
2.66171990e+02 -2.94661600e+01
2.66171990e+02 -2.94661600e+01
2.66147570e+02 -2.94662000e+01
2.66150060e+02 -2.94650800e+01
2.66150060e+02 -2.94650800e+01
2.66139220e+02 -2.94640200e+01
2.66148770e+02 -2.94581400e+01
2.66149190e+02 -2.94581400e+01
2.66148770e+02 -2.94581400e+01
2.66147490e+02 -2.94539800e+01
2.66134880e+02 -2.94365400e+01
2.66117700e+02 -2.94224500e+01
2.66117700e+02 -2.94224500e+01
2.66392750e+02 -2.94208400e+01
2.66392750e+02 -2.94208400e+01
2.66392750e+02 -2.94208400e+01
2.66392750e+02 -2.94208400e+01
2.66063870e+02 -2.94110500e+01
2.66063870e+02 -2.94110500e+01
2.66059630e+02 -2.94010700e+01
2.66422170e+02 -2.93945900e+01
2.66422170e+02 -2.93945900e+01
2.66422170e+02 -2.93945900e+01
2.66422170e+02 -2.93945900e+01
2.66422170e+02 -2.93945900e+01
2.66415920e+02 -2.93943400e+01
2.66422160e+02 -2.93929200e+01
2.66412570e+02 -2.93919100e+01
2.66412570e+02 -2.93918600e+01
2.66412570e+02 -2.93918600e+01
2.66412860e+02 -2.93916600e+01
2.66412860e+02 -2.93916600e+01
2.66412860e+02 -2.93916600e+01
2.66412770e+02 -2.93914100e+01
2.66412770e+02 -2.93914100e+01
2.66410480e+02 -2.93910300e+01
2.66410480e+02 -2.93910300e+01
2.66410480e+02 -2.93910300e+01
2.66410480e+02 -2.93910300e+01
2.66410480e+02 -2.93910300e+01
2.66134570e+02 -2.93890400e+01
2.66655490e+02 -2.93848500e+01
2.66645870e+02 -2.93793400e+01
2.66645870e+02 -2.93793400e+01
2.66465420e+02 -2.93793800e+01
2.66465420e+02 -2.93793800e+01
2.66642110e+02 -2.93785200e+01
2.66642110e+02 -2.93785200e+01
2.66624590e+02 -2.93752700e+01
2.66624590e+02 -2.93752700e+01
2.66624590e+02 -2.93752700e+01
2.66624590e+02 -2.93752700e+01
2.66447040e+02 -2.93733600e+01
2.66447040e+02 -2.93733600e+01
2.66447040e+02 -2.93733600e+01
2.66422450e+02 -2.93732000e+01
2.66422450e+02 -2.93732000e+01
2.66422450e+02 -2.93732000e+01
2.66422450e+02 -2.93732000e+01
2.66445780e+02 -2.93719700e+01
2.66628670e+02 -2.93687500e+01
2.66628670e+02 -2.93687500e+01
2.66628670e+02 -2.93687500e+01
2.66426170e+02 -2.93684600e+01
2.66426170e+02 -2.93684600e+01
2.66409490e+02 -2.93660400e+01
2.66198190e+02 -2.93665100e+01
2.66198190e+02 -2.93665100e+01
2.66200230e+02 -2.93590000e+01
2.66196890e+02 -2.93579000e+01
2.66196890e+02 -2.93579000e+01
2.66205220e+02 -2.93570300e+01
2.66205220e+02 -2.93570300e+01
2.66216570e+02 -2.93537000e+01
2.66216570e+02 -2.93537000e+01
2.66216570e+02 -2.93537000e+01
2.66206440e+02 -2.93517400e+01
2.66206440e+02 -2.93517400e+01
2.66206440e+02 -2.93517400e+01
2.66206440e+02 -2.93517400e+01
2.66609370e+02 -2.93417400e+01
2.66463440e+02 -2.93310500e+01
2.66195870e+02 -2.93293000e+01
2.66195870e+02 -2.93293000e+01
2.66195870e+02 -2.93293000e+01
2.66195870e+02 -2.93293000e+01
2.66195870e+02 -2.93293000e+01
2.66195870e+02 -2.93293000e+01
2.66195870e+02 -2.93293000e+01
2.66195870e+02 -2.93293000e+01
2.66446690e+02 -2.93191900e+01
2.66618810e+02 -2.93183600e+01
2.66618810e+02 -2.93183600e+01
2.66211580e+02 -2.93089400e+01
2.66211580e+02 -2.93089400e+01
2.66172980e+02 -2.93071800e+01
2.66621620e+02 -2.93016800e+01
2.66596510e+02 -2.92851300e+01
2.66268480e+02 -2.92789400e+01
2.66268480e+02 -2.92789400e+01
2.66167200e+02 -2.92774900e+01
2.66167200e+02 -2.92774900e+01
2.66251800e+02 -2.92768000e+01
2.66251800e+02 -2.92768000e+01
2.66243440e+02 -2.92732300e+01
2.66243440e+02 -2.92732300e+01
2.66243440e+02 -2.92732300e+01
2.66243440e+02 -2.92732300e+01
2.66243440e+02 -2.92732300e+01
2.66246350e+02 -2.92718300e+01
2.66246260e+02 -2.92713000e+01
2.66251330e+02 -2.92681900e+01
2.66251330e+02 -2.92681900e+01
2.66251330e+02 -2.92681900e+01
2.66251330e+02 -2.92681900e+01
2.66251330e+02 -2.92681900e+01
2.66251330e+02 -2.92681900e+01
2.66251330e+02 -2.92681900e+01
2.66251330e+02 -2.92681900e+01
2.66251330e+02 -2.92681900e+01
2.66247580e+02 -2.92682100e+01
2.66263830e+02 -2.92681300e+01
2.66247580e+02 -2.92679300e+01
2.66247580e+02 -2.92679300e+01
2.66264150e+02 -2.92653500e+01
2.66264150e+02 -2.92653500e+01
2.66264150e+02 -2.92653500e+01
2.66264230e+02 -2.92648000e+01
2.66307970e+02 -2.92623600e+01
2.66307970e+02 -2.92623600e+01
2.66142750e+02 -2.92334400e+01
2.66142750e+02 -2.92334400e+01
2.66142330e+02 -2.92320500e+01
2.66142330e+02 -2.92320500e+01
2.66326470e+02 -2.92231100e+01
2.66326470e+02 -2.92231100e+01
2.66946140e+02 -2.92167700e+01
2.66946140e+02 -2.92167700e+01
2.66833620e+02 -2.92173100e+01
2.66337260e+02 -2.92144400e+01
2.66337260e+02 -2.92144400e+01
2.66358080e+02 -2.92132300e+01
2.66358080e+02 -2.92132300e+01
2.66358080e+02 -2.92132300e+01
2.66358080e+02 -2.92132300e+01
2.66272230e+02 -2.92119800e+01
2.66272230e+02 -2.92119800e+01
2.66836450e+02 -2.92039700e+01
2.66836450e+02 -2.92039700e+01
2.66836450e+02 -2.92039700e+01
2.66836450e+02 -2.92039700e+01
2.66839350e+02 -2.92014500e+01
2.66839350e+02 -2.92014500e+01
2.66839350e+02 -2.92014500e+01
2.66838940e+02 -2.92014300e+01
2.66836850e+02 -2.92003500e+01
2.66834350e+02 -2.92003600e+01
2.66834350e+02 -2.92003600e+01
2.66834350e+02 -2.92003600e+01
2.66834350e+02 -2.92003600e+01
2.66836010e+02 -2.92000800e+01
2.66836010e+02 -2.92000800e+01
2.66836010e+02 -2.92000800e+01
2.66836010e+02 -2.92000800e+01
2.66836010e+02 -2.92000800e+01
2.66836010e+02 -2.92000800e+01
2.66836010e+02 -2.92000800e+01
2.66836010e+02 -2.92000800e+01
2.66836010e+02 -2.92000800e+01
2.66836010e+02 -2.92000800e+01
2.66834430e+02 -2.92000000e+01
2.66834340e+02 -2.92000000e+01
2.66834340e+02 -2.92000000e+01
2.66834340e+02 -2.92000000e+01
2.66834340e+02 -2.92000000e+01
2.66834050e+02 -2.91998400e+01
2.66834340e+02 -2.91998100e+01
2.66834340e+02 -2.91998100e+01
2.66834050e+02 -2.91996700e+01
2.66834130e+02 -2.91995900e+01
2.66836840e+02 -2.91992400e+01
2.66833130e+02 -2.91987300e+01
2.66833130e+02 -2.91987300e+01
2.66833130e+02 -2.91987300e+01
2.66833130e+02 -2.91987300e+01
2.66833130e+02 -2.91987300e+01
2.66832670e+02 -2.91985100e+01
2.66832670e+02 -2.91985100e+01
2.66277980e+02 -2.91986200e+01
2.66277980e+02 -2.91986200e+01
2.67108520e+02 -2.91943100e+01
2.66275060e+02 -2.91983500e+01
2.66272970e+02 -2.91983600e+01
2.66275060e+02 -2.91983500e+01
2.66272970e+02 -2.91983600e+01
2.66275050e+02 -2.91978000e+01
2.66270460e+02 -2.91969900e+01
2.66217120e+02 -2.91972500e+01
2.66217120e+02 -2.91972500e+01
2.66268040e+02 -2.91964200e+01
2.66268040e+02 -2.91964200e+01
2.66268040e+02 -2.91964200e+01
2.66270910e+02 -2.91956000e+01
2.66270450e+02 -2.91956000e+01
2.66270910e+02 -2.91956000e+01
2.66270910e+02 -2.91956000e+01
2.66657600e+02 -2.91931700e+01
2.66653020e+02 -2.91931900e+01
2.66657600e+02 -2.91931700e+01
2.66653020e+02 -2.91931900e+01
2.66247920e+02 -2.91912600e+01
2.66247920e+02 -2.91912600e+01
2.66247920e+02 -2.91912600e+01
2.66247920e+02 -2.91912600e+01
2.66276240e+02 -2.91883500e+01
2.66274980e+02 -2.91866900e+01
2.67142180e+02 -2.91785900e+01
2.67142180e+02 -2.91785900e+01
2.67142180e+02 -2.91785900e+01
2.67142180e+02 -2.91785900e+01
2.66291620e+02 -2.91816100e+01
2.66958350e+02 -2.91717100e+01
2.66156100e+02 -2.91700400e+01
2.66161910e+02 -2.91664000e+01
2.66161910e+02 -2.91664000e+01
2.66161910e+02 -2.91664000e+01
2.66292690e+02 -2.91527100e+01
2.66292690e+02 -2.91527100e+01
2.66292690e+02 -2.91527100e+01
2.66292690e+02 -2.91527100e+01
2.66292690e+02 -2.91527100e+01
2.66292690e+02 -2.91527100e+01
2.66292690e+02 -2.91527100e+01
2.66313500e+02 -2.91487200e+01
2.66313500e+02 -2.91487200e+01
2.67020620e+02 -2.91330700e+01
2.67012650e+02 -2.91253300e+01
2.67012650e+02 -2.91253300e+01
2.67012650e+02 -2.91253300e+01
2.67012650e+02 -2.91253300e+01
2.67020510e+02 -2.91164000e+01
2.66232790e+02 -2.91060600e+01
2.66232790e+02 -2.91060600e+01
2.66408900e+02 -2.90971800e+01
2.66408900e+02 -2.90971800e+01
2.66409020e+02 -2.90968700e+01
2.66409020e+02 -2.90968700e+01
2.66401230e+02 -2.90966300e+01
2.66409020e+02 -2.90960400e+01
2.66407770e+02 -2.90960400e+01
2.66407770e+02 -2.90960400e+01
2.66409230e+02 -2.90959800e+01
2.66409230e+02 -2.90959800e+01
2.66409020e+02 -2.90959800e+01
2.66409020e+02 -2.90959800e+01
2.66409230e+02 -2.90959800e+01
2.66408590e+02 -2.90949300e+01
2.66411930e+02 -2.90946300e+01
2.66232710e+02 -2.90935600e+01
2.66232710e+02 -2.90935600e+01
2.66407740e+02 -2.90916000e+01
2.66407740e+02 -2.90916000e+01
2.66426490e+02 -2.90909500e+01
2.66366050e+02 -2.90901300e+01
2.66408850e+02 -2.90888400e+01
2.66408850e+02 -2.90888400e+01
2.66405640e+02 -2.90885500e+01
2.66407700e+02 -2.90860400e+01
2.67011960e+02 -2.90828300e+01
2.66411040e+02 -2.90857500e+01
2.66391850e+02 -2.90827900e+01
2.66525550e+02 -2.90704700e+01
2.66525550e+02 -2.90704700e+01
2.66525550e+02 -2.90704700e+01
2.66525550e+02 -2.90704700e+01
2.67019370e+02 -2.90675200e+01
2.67019370e+02 -2.90675200e+01
2.66349230e+02 -2.90652100e+01
2.66415490e+02 -2.90648900e+01
2.66405980e+02 -2.90632700e+01
2.66409070e+02 -2.90578100e+01
2.66409070e+02 -2.90578100e+01
2.66409190e+02 -2.90577000e+01
2.66409190e+02 -2.90577000e+01
2.66409190e+02 -2.90577000e+01
2.66409190e+02 -2.90577000e+01
2.66409190e+02 -2.90577000e+01
2.66409190e+02 -2.90577000e+01
2.66408770e+02 -2.90568700e+01
2.66311650e+02 -2.90551200e+01
2.66311650e+02 -2.90551200e+01
2.66311650e+02 -2.90551200e+01
2.66311650e+02 -2.90551200e+01
2.66324150e+02 -2.90545000e+01
2.66324150e+02 -2.90545000e+01
2.66411610e+02 -2.90443600e+01
2.66411610e+02 -2.90443600e+01
2.66742900e+02 -2.90405300e+01
2.66394880e+02 -2.90361000e+01
2.66226070e+02 -2.90310900e+01
2.66226070e+02 -2.90310900e+01
2.66580290e+02 -2.90285400e+01
2.66580290e+02 -2.90285400e+01
2.66934920e+02 -2.90254300e+01
2.66934920e+02 -2.90254300e+01
2.66934920e+02 -2.90254300e+01
2.66934920e+02 -2.90254300e+01
2.66934920e+02 -2.90254300e+01
2.66566940e+02 -2.90269400e+01
2.66566940e+02 -2.90269400e+01
2.66566940e+02 -2.90269400e+01
2.66566940e+02 -2.90269400e+01
2.66409370e+02 -2.90207600e+01
2.66409370e+02 -2.90207600e+01
2.66961540e+02 -2.90166900e+01
2.66411450e+02 -2.90193600e+01
2.66411450e+02 -2.90193600e+01
2.66419780e+02 -2.90193200e+01
2.66411920e+02 -2.90154700e+01
2.66411920e+02 -2.90154700e+01
2.66411920e+02 -2.90154700e+01
2.66411840e+02 -2.90154700e+01
2.66428090e+02 -2.90142800e+01
2.66428090e+02 -2.90142800e+01
2.66428090e+02 -2.90142800e+01
2.66428090e+02 -2.90142800e+01
2.66425990e+02 -2.90117900e+01
2.66425990e+02 -2.90117900e+01
2.66413060e+02 -2.90110200e+01
2.66413060e+02 -2.90110200e+01
2.66424310e+02 -2.90109600e+01
2.66424310e+02 -2.90109600e+01
2.66424310e+02 -2.90109600e+01
2.66424310e+02 -2.90109600e+01
2.66416810e+02 -2.90108900e+01
2.66424310e+02 -2.90106800e+01
2.66424310e+02 -2.90106800e+01
2.66424310e+02 -2.90106800e+01
2.66416850e+02 -2.90103300e+01
2.66420980e+02 -2.90101400e+01
2.66415810e+02 -2.90101100e+01
2.66417140e+02 -2.90100500e+01
2.66416390e+02 -2.90098900e+01
2.66415800e+02 -2.90096400e+01
2.66418600e+02 -2.90095200e+01
2.66420180e+02 -2.90092900e+01
2.66416720e+02 -2.90092800e+01
2.66418050e+02 -2.90090500e+01
2.66418050e+02 -2.90090500e+01
2.66418050e+02 -2.90090500e+01
2.66418050e+02 -2.90090500e+01
2.66418050e+02 -2.90090500e+01
2.66416300e+02 -2.90089700e+01
2.66415840e+02 -2.90088600e+01
2.66417630e+02 -2.90085500e+01
2.66417210e+02 -2.90085000e+01
2.66415550e+02 -2.90085000e+01
2.66414420e+02 -2.90083700e+01
2.66416000e+02 -2.90083300e+01
2.66415840e+02 -2.90082800e+01
2.66415550e+02 -2.90082300e+01
2.66418050e+02 -2.90082100e+01
2.66418050e+02 -2.90082100e+01
2.66418050e+02 -2.90082100e+01
2.66418050e+02 -2.90082100e+01
2.66417340e+02 -2.90081900e+01
2.66417340e+02 -2.90081900e+01
2.66417340e+02 -2.90081900e+01
2.66417340e+02 -2.90081900e+01
2.66417340e+02 -2.90081900e+01
2.66417340e+02 -2.90081900e+01
2.66417340e+02 -2.90081900e+01
2.66417340e+02 -2.90081900e+01
2.66417340e+02 -2.90081900e+01
2.66417340e+02 -2.90081900e+01
2.66417380e+02 -2.90081900e+01
2.66417380e+02 -2.90081900e+01
2.66417130e+02 -2.90081600e+01
2.66417130e+02 -2.90081600e+01
2.66415960e+02 -2.90080000e+01
2.66418880e+02 -2.90079300e+01
2.66417630e+02 -2.90079400e+01
2.66415130e+02 -2.90079500e+01
2.66415130e+02 -2.90079500e+01
2.66415130e+02 -2.90079500e+01
2.66415130e+02 -2.90079500e+01
2.66419170e+02 -2.90078700e+01
2.66417460e+02 -2.90078300e+01
2.66417460e+02 -2.90078300e+01
2.66417460e+02 -2.90078300e+01
2.66417460e+02 -2.90078300e+01
2.66417460e+02 -2.90078300e+01
2.66417460e+02 -2.90078300e+01
2.66417460e+02 -2.90078300e+01
2.66417460e+02 -2.90078300e+01
2.66420500e+02 -2.90078100e+01
2.66420500e+02 -2.90078100e+01
2.66420500e+02 -2.90078100e+01
2.66420500e+02 -2.90078100e+01
2.66417290e+02 -2.90077700e+01
2.66417290e+02 -2.90077700e+01
2.66419000e+02 -2.90077600e+01
2.66417040e+02 -2.90077700e+01
2.66417040e+02 -2.90077700e+01
2.66416920e+02 -2.90077500e+01
2.66418580e+02 -2.90077400e+01
2.66418580e+02 -2.90077400e+01
2.66418670e+02 -2.90077400e+01
2.66418630e+02 -2.90077400e+01
2.66423880e+02 -2.90076300e+01
2.66426790e+02 -2.90076200e+01
2.66419710e+02 -2.90076500e+01
2.66417210e+02 -2.90076600e+01
2.66415210e+02 -2.90076200e+01
2.66416920e+02 -2.90075500e+01
2.66416920e+02 -2.90075500e+01
2.66416920e+02 -2.90075500e+01
2.66416920e+02 -2.90075500e+01
2.66416920e+02 -2.90075500e+01
2.66416920e+02 -2.90075500e+01
2.66416920e+02 -2.90075500e+01
2.66416920e+02 -2.90075500e+01
2.66416920e+02 -2.90075500e+01
2.66416920e+02 -2.90075500e+01
2.66416920e+02 -2.90075500e+01
2.66416920e+02 -2.90075500e+01
2.66417750e+02 -2.90075500e+01
2.66417750e+02 -2.90075500e+01
2.66417870e+02 -2.90075500e+01
2.66417870e+02 -2.90075500e+01
2.66417870e+02 -2.90075500e+01
2.66417870e+02 -2.90075500e+01
2.66417870e+02 -2.90075500e+01
2.66417870e+02 -2.90075500e+01
2.66417870e+02 -2.90075500e+01
2.66417870e+02 -2.90075500e+01
2.66417870e+02 -2.90075500e+01
2.66417870e+02 -2.90075500e+01
2.66416790e+02 -2.90075500e+01
2.66416750e+02 -2.90075500e+01
2.66416870e+02 -2.90075000e+01
2.66416870e+02 -2.90075000e+01
2.66415540e+02 -2.90074800e+01
2.66414870e+02 -2.90074800e+01
2.66414290e+02 -2.90074800e+01
2.66419170e+02 -2.90074600e+01
2.66420210e+02 -2.90074500e+01
2.66416290e+02 -2.90074200e+01
2.66416670e+02 -2.90074100e+01
2.66415540e+02 -2.90073900e+01
2.66415540e+02 -2.90073900e+01
2.66418460e+02 -2.90073800e+01
2.66418040e+02 -2.90073800e+01
2.66418040e+02 -2.90073800e+01
2.66418040e+02 -2.90073800e+01
2.66418040e+02 -2.90073800e+01
2.66413870e+02 -2.90073400e+01
2.66430540e+02 -2.90067600e+01
2.66430540e+02 -2.90067600e+01
2.66430540e+02 -2.90067600e+01
2.66419700e+02 -2.90068200e+01
2.66415540e+02 -2.90068400e+01
2.66413870e+02 -2.90068500e+01
2.66416040e+02 -2.90068100e+01
2.66419330e+02 -2.90066200e+01
2.66464960e+02 -2.90063500e+01
2.66464960e+02 -2.90063500e+01
2.66415120e+02 -2.90065600e+01
2.66465130e+02 -2.90063200e+01
2.66465040e+02 -2.90062900e+01
2.66418990e+02 -2.90064900e+01
2.66414870e+02 -2.90063700e+01
2.66416870e+02 -2.90062700e+01
2.66416870e+02 -2.90062700e+01
2.66418450e+02 -2.90062700e+01
2.66418450e+02 -2.90062700e+01
2.66418450e+02 -2.90062700e+01
2.66418450e+02 -2.90062700e+01
2.66418450e+02 -2.90062700e+01
2.66418450e+02 -2.90062700e+01
2.66465000e+02 -2.90060100e+01
2.66418860e+02 -2.90059900e+01
2.66420530e+02 -2.90059800e+01
2.66420530e+02 -2.90059800e+01
2.66420530e+02 -2.90059800e+01
2.66420530e+02 -2.90059800e+01
2.66418860e+02 -2.90057700e+01
2.66419530e+02 -2.90051500e+01
2.66416360e+02 -2.90048900e+01
2.66418860e+02 -2.90048800e+01
2.66419270e+02 -2.90046000e+01
2.66419690e+02 -2.90043200e+01
2.66409690e+02 -2.90042800e+01
2.66410930e+02 -2.90035300e+01
2.66418850e+02 -2.90034900e+01
2.66364540e+02 -2.90029200e+01
2.66419680e+02 -2.90026500e+01
2.66419680e+02 -2.90026500e+01
2.66419680e+02 -2.90026500e+01
2.66419680e+02 -2.90026500e+01
2.66419680e+02 -2.90026500e+01
2.66419680e+02 -2.90026500e+01
2.66419680e+02 -2.90026500e+01
2.66419680e+02 -2.90026500e+01
2.66419680e+02 -2.90026500e+01
2.66419680e+02 -2.90026500e+01
2.66465520e+02 -2.90024300e+01
2.66468850e+02 -2.90024100e+01
2.66465520e+02 -2.90024300e+01
2.66465520e+02 -2.90024300e+01
2.66644700e+02 -2.89996100e+01
2.66644700e+02 -2.89996100e+01
2.66644700e+02 -2.89996100e+01
2.66644700e+02 -2.89996100e+01
2.66649280e+02 -2.89993100e+01
2.66649280e+02 -2.89993100e+01
2.66649280e+02 -2.89993100e+01
2.66649280e+02 -2.89993100e+01
2.66468880e+02 -2.90001900e+01
2.66468880e+02 -2.90001900e+01
2.66468710e+02 -2.90000000e+01
2.66643870e+02 -2.89990600e+01
2.66643870e+02 -2.89990600e+01
2.66643870e+02 -2.89990600e+01
2.66643870e+02 -2.89990600e+01
2.66643870e+02 -2.89990600e+01
2.66469000e+02 -2.89999100e+01
2.66468840e+02 -2.89999100e+01
2.66416330e+02 -2.89998300e+01
2.66416740e+02 -2.89996100e+01
2.66417160e+02 -2.89993300e+01
2.66419650e+02 -2.89976500e+01
2.66421720e+02 -2.89954200e+01
2.66467810e+02 -2.89950600e+01
2.66467810e+02 -2.89950600e+01
2.66467800e+02 -2.89947500e+01
2.66467550e+02 -2.89940800e+01
2.66467380e+02 -2.89934500e+01
2.66468170e+02 -2.89931900e+01
2.66636320e+02 -2.89916000e+01
2.66636320e+02 -2.89916000e+01
2.66467530e+02 -2.89915300e+01
2.66466990e+02 -2.89912800e+01
2.66467030e+02 -2.89912500e+01
2.66467030e+02 -2.89912500e+01
2.66465440e+02 -2.89907600e+01
2.66466690e+02 -2.89907600e+01
2.66467530e+02 -2.89907500e+01
2.66466690e+02 -2.89907600e+01
2.66466690e+02 -2.89907600e+01
2.66466690e+02 -2.89907600e+01
2.66465440e+02 -2.89907600e+01
2.66466690e+02 -2.89907600e+01
2.66466650e+02 -2.89906200e+01
2.66461690e+02 -2.89896700e+01
2.66369150e+02 -2.89874200e+01
2.66369150e+02 -2.89874200e+01
2.66519590e+02 -2.89855000e+01
2.66358680e+02 -2.89779500e+01
2.66519540e+02 -2.89771700e+01
2.66519540e+02 -2.89771700e+01
2.66519540e+02 -2.89771700e+01
2.66519540e+02 -2.89771700e+01
2.66524950e+02 -2.89763100e+01
2.66524950e+02 -2.89763100e+01
2.67008310e+02 -2.89664600e+01
2.67044490e+02 -2.89546200e+01
2.67041550e+02 -2.89510200e+01
2.67041550e+02 -2.89510200e+01
2.67043620e+02 -2.89487900e+01
2.67043620e+02 -2.89487900e+01
2.67043620e+02 -2.89487900e+01
2.67043620e+02 -2.89487900e+01
2.67043620e+02 -2.89487900e+01
2.67042070e+02 -2.89471600e+01
2.67042070e+02 -2.89471600e+01
2.67043180e+02 -2.89457400e+01
2.67043180e+02 -2.89457400e+01
2.66348490e+02 -2.89485500e+01
2.66413490e+02 -2.89471200e+01
2.67040670e+02 -2.89438000e+01
2.66376810e+02 -2.89459100e+01
2.66376810e+02 -2.89459100e+01
2.67040240e+02 -2.89413100e+01
2.67040240e+02 -2.89413100e+01
2.67040240e+02 -2.89413100e+01
2.67040240e+02 -2.89413100e+01
2.67044410e+02 -2.89412900e+01
2.67040240e+02 -2.89413100e+01
2.67040240e+02 -2.89413100e+01
2.67044410e+02 -2.89412900e+01
2.66511410e+02 -2.89438700e+01
2.67069400e+02 -2.89389400e+01
2.66422620e+02 -2.89409700e+01
2.66624190e+02 -2.89392700e+01
2.66624190e+02 -2.89392700e+01
2.66624190e+02 -2.89392700e+01
2.66624320e+02 -2.89391600e+01
2.66622230e+02 -2.89388900e+01
2.66622230e+02 -2.89388900e+01
2.66628060e+02 -2.89388600e+01
2.66627890e+02 -2.89379700e+01
2.66627890e+02 -2.89379700e+01
2.66627890e+02 -2.89379700e+01
2.66624310e+02 -2.89377700e+01
2.67026860e+02 -2.89352600e+01
2.67026860e+02 -2.89352600e+01
2.66379260e+02 -2.89378500e+01
2.66611380e+02 -2.89364400e+01
2.66611380e+02 -2.89364400e+01
2.66611380e+02 -2.89364400e+01
2.66611380e+02 -2.89364400e+01
2.66611380e+02 -2.89364400e+01
2.66367170e+02 -2.89376300e+01
2.66367170e+02 -2.89376300e+01
2.66367170e+02 -2.89376300e+01
2.66367170e+02 -2.89376300e+01
2.66384500e+02 -2.89368200e+01
2.66384500e+02 -2.89368200e+01
2.66369250e+02 -2.89367800e+01
2.66372580e+02 -2.89364900e+01
2.66372580e+02 -2.89364900e+01
2.66372580e+02 -2.89364900e+01
2.66372580e+02 -2.89364900e+01
2.66294230e+02 -2.89365900e+01
2.66373830e+02 -2.89362000e+01
2.66373830e+02 -2.89362000e+01
2.66373830e+02 -2.89362000e+01
2.66373830e+02 -2.89362000e+01
2.66431760e+02 -2.89359200e+01
2.66370490e+02 -2.89353900e+01
2.66370490e+02 -2.89353900e+01
2.66370490e+02 -2.89353900e+01
2.66370490e+02 -2.89353900e+01
2.66370490e+02 -2.89353900e+01
2.66369650e+02 -2.89345600e+01
2.66369650e+02 -2.89345600e+01
2.66369650e+02 -2.89345600e+01
2.66370070e+02 -2.89345600e+01
2.66370070e+02 -2.89345600e+01
2.66370070e+02 -2.89345600e+01
2.66370070e+02 -2.89345600e+01
2.66370070e+02 -2.89345600e+01
2.66369650e+02 -2.89345600e+01
2.66369650e+02 -2.89345600e+01
2.66369650e+02 -2.89345600e+01
2.66369650e+02 -2.89345600e+01
2.66369320e+02 -2.89343100e+01
2.66369320e+02 -2.89343100e+01
2.66369320e+02 -2.89343100e+01
2.66385890e+02 -2.89328100e+01
2.67026830e+02 -2.89294300e+01
2.67038070e+02 -2.89274300e+01
2.66502530e+02 -2.89239100e+01
2.66502530e+02 -2.89239100e+01
2.66502530e+02 -2.89239100e+01
2.66502530e+02 -2.89239100e+01
2.66498360e+02 -2.89239300e+01
2.66498360e+02 -2.89239300e+01
2.66498360e+02 -2.89239300e+01
2.66498360e+02 -2.89239300e+01
2.66497520e+02 -2.89225500e+01
2.66497520e+02 -2.89225500e+01
2.66497520e+02 -2.89225500e+01
2.66497520e+02 -2.89225500e+01
2.66498350e+02 -2.89214300e+01
2.66498350e+02 -2.89214300e+01
2.66498350e+02 -2.89214300e+01
2.66498350e+02 -2.89214300e+01
2.66495840e+02 -2.89203400e+01
2.66495840e+02 -2.89203400e+01
2.66495840e+02 -2.89203400e+01
2.66495840e+02 -2.89203400e+01
2.66495840e+02 -2.89203400e+01
2.66541670e+02 -2.89181700e+01
2.66541370e+02 -2.89181400e+01
2.66541370e+02 -2.89181400e+01
2.66541370e+02 -2.89181400e+01
2.66524580e+02 -2.89179700e+01
2.66493320e+02 -2.89178500e+01
2.66493320e+02 -2.89178500e+01
2.66493320e+02 -2.89178500e+01
2.66493320e+02 -2.89178500e+01
2.66493320e+02 -2.89178500e+01
2.66495820e+02 -2.89175600e+01
2.66495820e+02 -2.89175600e+01
2.66495820e+02 -2.89175600e+01
2.66495820e+02 -2.89175600e+01
2.66356620e+02 -2.89168400e+01
2.66356620e+02 -2.89168400e+01
2.66356620e+02 -2.89168400e+01
2.66357450e+02 -2.89162800e+01
2.67177570e+02 -2.89106400e+01
2.66479910e+02 -2.89056900e+01
2.66374680e+02 -2.89059500e+01
2.66374680e+02 -2.89059500e+01
2.66374680e+02 -2.89059500e+01
2.66391160e+02 -2.89021200e+01
2.66391160e+02 -2.89021200e+01
2.66391160e+02 -2.89021200e+01
2.66204000e+02 -2.89025800e+01
2.67161190e+02 -2.88912700e+01
2.67161190e+02 -2.88912700e+01
2.66417520e+02 -2.88918500e+01
2.66417520e+02 -2.88918500e+01
2.66410220e+02 -2.88918600e+01
2.66410640e+02 -2.88913000e+01
2.66410640e+02 -2.88913000e+01
2.66411890e+02 -2.88910200e+01
2.66411890e+02 -2.88910200e+01
2.66411890e+02 -2.88910200e+01
2.66411890e+02 -2.88910200e+01
2.66410550e+02 -2.88910000e+01
2.66410550e+02 -2.88910000e+01
2.66418130e+02 -2.88901600e+01
2.66418130e+02 -2.88901600e+01
2.66418130e+02 -2.88901600e+01
2.66418130e+02 -2.88901600e+01
2.66418130e+02 -2.88901600e+01
2.67165710e+02 -2.88812500e+01
2.67165710e+02 -2.88812500e+01
2.66548530e+02 -2.88836900e+01
2.66547690e+02 -2.88828600e+01
2.66547690e+02 -2.88828600e+01
2.66547690e+02 -2.88828600e+01
2.66547690e+02 -2.88828600e+01
2.67166120e+02 -2.88790300e+01
2.67166120e+02 -2.88790300e+01
2.67166120e+02 -2.88790300e+01
2.66439750e+02 -2.88825500e+01
2.66439750e+02 -2.88825500e+01
2.67037340e+02 -2.88785400e+01
2.67037340e+02 -2.88785400e+01
2.66512680e+02 -2.88810900e+01
2.66518930e+02 -2.88810600e+01
2.66518510e+02 -2.88805000e+01
2.66518510e+02 -2.88805000e+01
2.66518510e+02 -2.88805000e+01
2.66518510e+02 -2.88805000e+01
2.66518510e+02 -2.88805000e+01
2.66518090e+02 -2.88802300e+01
2.66518090e+02 -2.88802300e+01
2.66518090e+02 -2.88802300e+01
2.66518090e+02 -2.88802300e+01
2.66518090e+02 -2.88802300e+01
2.66402200e+02 -2.88744000e+01
2.66222560e+02 -2.88722100e+01
2.66222560e+02 -2.88722100e+01
2.66222560e+02 -2.88722100e+01
2.66222560e+02 -2.88722100e+01
2.66222560e+02 -2.88722100e+01
2.66222560e+02 -2.88721900e+01
2.66222560e+02 -2.88721900e+01
2.66935590e+02 -2.88684800e+01
2.66431760e+02 -2.88709200e+01
2.66431760e+02 -2.88709200e+01
2.66431760e+02 -2.88709200e+01
2.67172710e+02 -2.88670500e+01
2.66433430e+02 -2.88706400e+01
2.66431340e+02 -2.88692600e+01
2.66258380e+02 -2.88692600e+01
2.66258380e+02 -2.88692600e+01
2.66428000e+02 -2.88684400e+01
2.66422990e+02 -2.88681900e+01
2.66227960e+02 -2.88685800e+01
2.66227960e+02 -2.88685800e+01
2.66227960e+02 -2.88685800e+01
2.66227960e+02 -2.88685800e+01
2.67196440e+02 -2.88638800e+01
2.67196440e+02 -2.88638800e+01
2.67196440e+02 -2.88638800e+01
2.67196440e+02 -2.88638800e+01
2.66228200e+02 -2.88683300e+01
2.66228200e+02 -2.88683300e+01
2.66228200e+02 -2.88683300e+01
2.66228200e+02 -2.88683300e+01
2.66225450e+02 -2.88680300e+01
2.66225450e+02 -2.88680300e+01
2.66225450e+02 -2.88680300e+01
2.66225450e+02 -2.88680300e+01
2.66227530e+02 -2.88677500e+01
2.66227530e+02 -2.88677500e+01
2.66227530e+02 -2.88677500e+01
2.66227530e+02 -2.88677500e+01
2.66227530e+02 -2.88677500e+01
2.66227530e+02 -2.88677500e+01
2.66227530e+02 -2.88677500e+01
2.66227530e+02 -2.88677500e+01
2.66535090e+02 -2.88662600e+01
2.66227580e+02 -2.88676900e+01
2.67168930e+02 -2.88623500e+01
2.66420470e+02 -2.88643100e+01
2.66250850e+02 -2.88645800e+01
2.66250850e+02 -2.88645800e+01
2.66413380e+02 -2.88635100e+01
2.66416290e+02 -2.88626600e+01
2.67197240e+02 -2.88577700e+01
2.67197240e+02 -2.88577700e+01
2.67197240e+02 -2.88577700e+01
2.66222500e+02 -2.88622100e+01
2.66222500e+02 -2.88622100e+01
2.66222500e+02 -2.88622100e+01
2.66222500e+02 -2.88622100e+01
2.66191150e+02 -2.88606200e+01
2.66191650e+02 -2.88604200e+01
2.66191650e+02 -2.88604200e+01
2.66191650e+02 -2.88604200e+01
2.66191650e+02 -2.88604200e+01
2.66402930e+02 -2.88585600e+01
2.66402100e+02 -2.88585700e+01
2.66402100e+02 -2.88585700e+01
2.66402100e+02 -2.88585700e+01
2.66474180e+02 -2.88559900e+01
2.66474180e+02 -2.88559900e+01
2.66268720e+02 -2.88567100e+01
2.66444170e+02 -2.88555800e+01
2.66444170e+02 -2.88555800e+01
2.66406660e+02 -2.88554900e+01
2.66447910e+02 -2.88541800e+01
2.66453330e+02 -2.88541500e+01
2.66458330e+02 -2.88538500e+01
2.66293710e+02 -2.88532600e+01
2.66293710e+02 -2.88532600e+01
2.66402890e+02 -2.88527300e+01
2.66443320e+02 -2.88525300e+01
2.66451640e+02 -2.88513800e+01
2.66447060e+02 -2.88508500e+01
2.66447880e+02 -2.88500100e+01
2.66443290e+02 -2.88492000e+01
2.66399940e+02 -2.88471900e+01
2.66439520e+02 -2.88456100e+01
2.66446610e+02 -2.88455700e+01
2.66456180e+02 -2.88441400e+01
2.66445350e+02 -2.88441900e+01
2.66443260e+02 -2.88433700e+01
2.66525350e+02 -2.88426900e+01
2.66531170e+02 -2.88404400e+01
2.66441570e+02 -2.88406000e+01
2.66441980e+02 -2.88397600e+01
2.66441130e+02 -2.88369900e+01
2.66218590e+02 -2.88369600e+01
2.67168740e+02 -2.88323500e+01
2.67043710e+02 -2.88312900e+01
2.66447780e+02 -2.88341800e+01
2.66534450e+02 -2.88318100e+01
2.66534450e+02 -2.88318100e+01
2.66534450e+02 -2.88318100e+01
2.66534450e+02 -2.88318100e+01
2.66534450e+02 -2.88318100e+01
2.66534450e+02 -2.88318100e+01
2.66534450e+02 -2.88318100e+01
2.66559870e+02 -2.88316900e+01
2.66563210e+02 -2.88314000e+01
2.66568200e+02 -2.88308200e+01
2.66568200e+02 -2.88308200e+01
2.66568200e+02 -2.88308200e+01
2.66568200e+02 -2.88308200e+01
2.66568200e+02 -2.88308200e+01
2.66568200e+02 -2.88308200e+01
2.66568200e+02 -2.88308200e+01
2.66568200e+02 -2.88308200e+01
2.66568200e+02 -2.88308200e+01
2.66568200e+02 -2.88308200e+01
2.66558610e+02 -2.88300300e+01
2.66558610e+02 -2.88300300e+01
2.66558610e+02 -2.88300300e+01
2.66558610e+02 -2.88300300e+01
2.66557780e+02 -2.88300300e+01
2.66557780e+02 -2.88300300e+01
2.66557780e+02 -2.88300300e+01
2.66557780e+02 -2.88300300e+01
2.66566110e+02 -2.88299900e+01
2.66566110e+02 -2.88299900e+01
2.66566110e+02 -2.88299900e+01
2.66566110e+02 -2.88299900e+01
2.66566110e+02 -2.88299900e+01
2.66566110e+02 -2.88299900e+01
2.66566110e+02 -2.88299900e+01
2.66566110e+02 -2.88299900e+01
2.66566110e+02 -2.88299900e+01
2.66566110e+02 -2.88299900e+01
2.66566110e+02 -2.88299900e+01
2.66566110e+02 -2.88299900e+01
2.66565700e+02 -2.88297200e+01
2.66565700e+02 -2.88297200e+01
2.66561100e+02 -2.88286300e+01
2.66561100e+02 -2.88286300e+01
2.66561100e+02 -2.88286300e+01
2.66561100e+02 -2.88286300e+01
2.66561100e+02 -2.88286300e+01
2.66561520e+02 -2.88283500e+01
2.66561520e+02 -2.88283500e+01
2.66561520e+02 -2.88283500e+01
2.66561520e+02 -2.88283500e+01
2.66561520e+02 -2.88283500e+01
2.66561520e+02 -2.88283500e+01
2.66561520e+02 -2.88283500e+01
2.66561520e+02 -2.88283500e+01
2.66561520e+02 -2.88283500e+01
2.66561520e+02 -2.88283500e+01
2.66561520e+02 -2.88283500e+01
2.66561520e+02 -2.88283500e+01
2.66561520e+02 -2.88283500e+01
2.66561520e+02 -2.88283500e+01
2.66587360e+02 -2.88282200e+01
2.66561520e+02 -2.88280700e+01
2.66561520e+02 -2.88280700e+01
2.66561520e+02 -2.88280700e+01
2.66561520e+02 -2.88280700e+01
2.66559430e+02 -2.88280300e+01
2.66559430e+02 -2.88280300e+01
2.66559430e+02 -2.88280300e+01
2.66559430e+02 -2.88280300e+01
2.66566100e+02 -2.88277700e+01
2.66566100e+02 -2.88277700e+01
2.66566100e+02 -2.88277700e+01
2.66566100e+02 -2.88277700e+01
2.66566100e+02 -2.88277700e+01
2.66566100e+02 -2.88277700e+01
2.66558600e+02 -2.88272500e+01
2.66558600e+02 -2.88272500e+01
2.66558600e+02 -2.88272500e+01
2.66558600e+02 -2.88272500e+01
2.66559010e+02 -2.88272500e+01
2.66559010e+02 -2.88272500e+01
2.66559010e+02 -2.88272500e+01
2.66559010e+02 -2.88272500e+01
2.66559010e+02 -2.88272500e+01
2.66565680e+02 -2.88269400e+01
2.66565680e+02 -2.88269400e+01
2.66565680e+02 -2.88269400e+01
2.66565680e+02 -2.88269400e+01
2.66565680e+02 -2.88269400e+01
2.66565680e+02 -2.88269400e+01
2.66561510e+02 -2.88266800e+01
2.66561510e+02 -2.88266800e+01
2.66561510e+02 -2.88266800e+01
2.66561510e+02 -2.88266800e+01
2.66561510e+02 -2.88266800e+01
2.66561840e+02 -2.88262400e+01
2.66561840e+02 -2.88262400e+01
2.66561840e+02 -2.88262400e+01
2.66561840e+02 -2.88262400e+01
2.66559840e+02 -2.88258600e+01
2.66559840e+02 -2.88258600e+01
2.66559840e+02 -2.88258600e+01
2.66559840e+02 -2.88258600e+01
2.66559840e+02 -2.88258600e+01
2.66560080e+02 -2.88254400e+01
2.66560080e+02 -2.88254400e+01
2.66560080e+02 -2.88254400e+01
2.66560080e+02 -2.88254400e+01
2.66562750e+02 -2.88250100e+01
2.66562750e+02 -2.88250100e+01
2.66562750e+02 -2.88250100e+01
2.66562750e+02 -2.88250100e+01
2.66562750e+02 -2.88250100e+01
2.66558160e+02 -2.88239200e+01
2.66626080e+02 -2.88233100e+01
2.66459800e+02 -2.88227300e+01
2.66459800e+02 -2.88227300e+01
2.66459800e+02 -2.88227300e+01
2.66459800e+02 -2.88227300e+01
2.66459800e+02 -2.88227300e+01
2.66459800e+02 -2.88227300e+01
2.66459800e+02 -2.88227300e+01
2.66618150e+02 -2.88205700e+01
2.66576860e+02 -2.88152200e+01
2.66556020e+02 -2.88153200e+01
2.66556020e+02 -2.88153200e+01
2.66556020e+02 -2.88153200e+01
2.66556410e+02 -2.88117100e+01
2.66556410e+02 -2.88117100e+01
2.66559740e+02 -2.88103000e+01
2.66559740e+02 -2.88103000e+01
2.66549730e+02 -2.88086800e+01
2.66568480e+02 -2.88085900e+01
2.66394700e+02 -2.88086000e+01
2.66551380e+02 -2.88061800e+01
2.66551380e+02 -2.88061800e+01
2.66547620e+02 -2.88053600e+01
2.66570130e+02 -2.88052500e+01
2.66559290e+02 -2.88050300e+01
2.66555120e+02 -2.88047700e+01
2.66555120e+02 -2.88047700e+01
2.66587210e+02 -2.88046100e+01
2.66575120e+02 -2.88043900e+01
2.66575120e+02 -2.88043900e+01
2.66575120e+02 -2.88043900e+01
2.66575120e+02 -2.88043900e+01
2.66387580e+02 -2.88044700e+01
2.66616790e+02 -2.88033600e+01
2.66556770e+02 -2.88028200e+01
2.66539270e+02 -2.88020700e+01
2.66593440e+02 -2.88018000e+01
2.66539270e+02 -2.88020700e+01
2.66539270e+02 -2.88020700e+01
2.66551340e+02 -2.88006200e+01
2.66476740e+02 -2.88007000e+01
2.66476740e+02 -2.88007000e+01
2.66574680e+02 -2.88002300e+01
2.66574680e+02 -2.88002300e+01
2.66574680e+02 -2.88002300e+01
2.66574680e+02 -2.88002300e+01
2.66574680e+02 -2.88002300e+01
2.66574680e+02 -2.88002300e+01
2.66574680e+02 -2.88002300e+01
2.66579670e+02 -2.87993700e+01
2.66397540e+02 -2.87977500e+01
2.66616730e+02 -2.87944700e+01
2.66555410e+02 -2.87847700e+01
2.66783770e+02 -2.87828300e+01
2.66783770e+02 -2.87828300e+01
2.66626660e+02 -2.87833100e+01
2.66493310e+02 -2.87836800e+01
2.66558300e+02 -2.87803100e+01
2.66558300e+02 -2.87803100e+01
2.66603720e+02 -2.87800900e+01
2.66786230e+02 -2.87750400e+01
2.66786230e+02 -2.87750400e+01
2.66888740e+02 -2.87745400e+01
2.66888740e+02 -2.87745400e+01
2.66784140e+02 -2.87747700e+01
2.66784140e+02 -2.87747700e+01
2.66789720e+02 -2.87743500e+01
2.66789720e+02 -2.87743500e+01
2.66397810e+02 -2.87744200e+01
2.66785790e+02 -2.87717000e+01
2.66785790e+02 -2.87717000e+01
2.66785790e+02 -2.87717000e+01
2.66785790e+02 -2.87717000e+01
2.66785790e+02 -2.87717000e+01
2.66785790e+02 -2.87717000e+01
2.66787700e+02 -2.87711300e+01
2.66787690e+02 -2.87711300e+01
2.66787680e+02 -2.87711300e+01
2.66787720e+02 -2.87711300e+01
2.66787710e+02 -2.87711200e+01
2.66787710e+02 -2.87711100e+01
2.66788870e+02 -2.87711100e+01
2.66789160e+02 -2.87710800e+01
2.66788030e+02 -2.87710300e+01
2.66787830e+02 -2.87708800e+01
2.66797430e+02 -2.87674800e+01
2.66530660e+02 -2.87593300e+01
2.66530660e+02 -2.87593300e+01
2.66532240e+02 -2.87589900e+01
2.66530570e+02 -2.87588600e+01
2.66530570e+02 -2.87588600e+01
2.66530570e+02 -2.87588600e+01
2.66531810e+02 -2.87558000e+01
2.66533460e+02 -2.87556200e+01
2.66533460e+02 -2.87556100e+01
2.66530620e+02 -2.87535000e+01
2.66530620e+02 -2.87535000e+01
2.66530620e+02 -2.87535000e+01
2.66544370e+02 -2.87528700e+01
2.66544370e+02 -2.87528700e+01
2.66544370e+02 -2.87528700e+01
2.66544370e+02 -2.87528700e+01
2.66544370e+02 -2.87528700e+01
2.66793160e+02 -2.87508400e+01
2.66793160e+02 -2.87508400e+01
2.66793160e+02 -2.87508400e+01
2.65630400e+02 -2.87481400e+01
2.66651330e+02 -2.87298600e+01
2.66651330e+02 -2.87298600e+01
2.66658800e+02 -2.87242600e+01
2.67028430e+02 -2.87208000e+01
2.67028430e+02 -2.87208000e+01
2.66645030e+02 -2.87218300e+01
2.66645030e+02 -2.87218300e+01
2.66354120e+02 -2.87193500e+01
2.66354120e+02 -2.87193500e+01
2.66542040e+02 -2.87131600e+01
2.66542040e+02 -2.87131600e+01
2.66517050e+02 -2.87092300e+01
2.66517050e+02 -2.87092300e+01
2.66542840e+02 -2.87076000e+01
2.66542840e+02 -2.87076000e+01
2.66542840e+02 -2.87076000e+01
2.66542840e+02 -2.87076000e+01
2.66542840e+02 -2.87076000e+01
2.66542840e+02 -2.87076000e+01
2.66542840e+02 -2.87076000e+01
2.66542840e+02 -2.87076000e+01
2.66544150e+02 -2.87049300e+01
2.66544150e+02 -2.87049300e+01
2.66605140e+02 -2.86750800e+01
2.66605100e+02 -2.86684100e+01
2.67097670e+02 -2.86657500e+01
2.67097670e+02 -2.86657500e+01
2.66446720e+02 -2.86652900e+01
2.67108450e+02 -2.86562500e+01
2.67108450e+02 -2.86562500e+01
2.66611710e+02 -2.86581000e+01
2.66611710e+02 -2.86581000e+01
2.66614620e+02 -2.86578100e+01
2.66620870e+02 -2.86575000e+01
2.66620870e+02 -2.86575000e+01
2.66620870e+02 -2.86575000e+01
2.66620870e+02 -2.86575000e+01
2.66618780e+02 -2.86564000e+01
2.66618780e+02 -2.86564000e+01
2.66618780e+02 -2.86564000e+01
2.66618780e+02 -2.86564000e+01
2.66617530e+02 -2.86561300e+01
2.66617530e+02 -2.86561300e+01
2.66617530e+02 -2.86561300e+01
2.66617530e+02 -2.86561300e+01
2.66621690e+02 -2.86561100e+01
2.66621690e+02 -2.86561100e+01
2.66621690e+02 -2.86561100e+01
2.66621690e+02 -2.86561100e+01
2.66613980e+02 -2.86548400e+01
2.66613980e+02 -2.86548400e+01
2.66613980e+02 -2.86548400e+01
2.66636690e+02 -2.86546500e+01
2.66671340e+02 -2.86180900e+01
2.66611800e+02 -2.86064300e+01
2.66611800e+02 -2.86064300e+01
2.66610130e+02 -2.86064400e+01
2.66610130e+02 -2.86064400e+01
2.66610110e+02 -2.86031100e+01
2.66610110e+02 -2.86031100e+01
2.66584010e+02 -2.86021200e+01
2.66617180e+02 -2.86016900e+01
2.66614270e+02 -2.86017000e+01
2.66614270e+02 -2.86017000e+01
2.66614270e+02 -2.86017000e+01
2.66614270e+02 -2.86017000e+01
2.66614270e+02 -2.86017000e+01
2.66615230e+02 -2.86015600e+01
2.66615230e+02 -2.86015600e+01
2.66615230e+02 -2.86015600e+01
2.66615510e+02 -2.86011400e+01
2.66616760e+02 -2.86011300e+01
2.66616760e+02 -2.86011300e+01
2.66616760e+02 -2.86011300e+01
2.66616340e+02 -2.86005800e+01
2.66608830e+02 -2.85981200e+01
2.66608830e+02 -2.85981200e+01
2.66608830e+02 -2.85981200e+01
2.66608830e+02 -2.85981200e+01
2.66587980e+02 -2.85962700e+01
2.66587980e+02 -2.85962700e+01
2.66589220e+02 -2.85954300e+01
2.66588800e+02 -2.85946000e+01
2.66588930e+02 -2.85946000e+01
2.66589130e+02 -2.85942400e+01
2.66589090e+02 -2.85942400e+01
2.66589090e+02 -2.85942400e+01
2.66588800e+02 -2.85942400e+01
2.66812140e+02 -2.85893500e+01
2.66812140e+02 -2.85893500e+01
2.66613600e+02 -2.85884000e+01
2.66750410e+02 -2.85802100e+01
2.66736550e+02 -2.85630500e+01
2.66736550e+02 -2.85630500e+01
2.66736550e+02 -2.85630500e+01
2.66737210e+02 -2.85624400e+01
2.66737210e+02 -2.85624400e+01
2.66737210e+02 -2.85624400e+01
2.66800300e+02 -2.85608000e+01
2.66736950e+02 -2.85611000e+01
2.66737780e+02 -2.85608200e+01
2.66737780e+02 -2.85602700e+01
2.66767350e+02 -2.85576200e+01
2.66767350e+02 -2.85576200e+01
2.66767350e+02 -2.85576200e+01
2.66766930e+02 -2.85562400e+01
2.66766510e+02 -2.85559600e+01
2.66766510e+02 -2.85556800e+01
2.66766510e+02 -2.85556800e+01
2.66766510e+02 -2.85556800e+01
2.66766510e+02 -2.85556800e+01
2.66759000e+02 -2.85554400e+01
2.66759000e+02 -2.85554400e+01
2.66759000e+02 -2.85554400e+01
2.66759000e+02 -2.85554400e+01
2.66766920e+02 -2.85551300e+01
2.66749400e+02 -2.85524300e+01
2.66633540e+02 -2.85516100e+01
2.66633540e+02 -2.85516100e+01
2.66754390e+02 -2.85510200e+01
2.66702710e+02 -2.85493300e+01
2.66702710e+02 -2.85493300e+01
2.66702710e+02 -2.85493300e+01
2.66754370e+02 -2.85482400e+01
2.66749790e+02 -2.85479900e+01
2.66749790e+02 -2.85479900e+01
2.66749790e+02 -2.85479900e+01
2.66768950e+02 -2.85473400e+01
2.66768950e+02 -2.85473400e+01
2.66768950e+02 -2.85473400e+01
2.66750740e+02 -2.85472300e+01
2.66750740e+02 -2.85472300e+01
2.66750740e+02 -2.85472300e+01
2.66750620e+02 -2.85468700e+01
2.66726010e+02 -2.85444900e+01
2.66726010e+02 -2.85444900e+01
2.66750170e+02 -2.85429800e+01
2.66758510e+02 -2.85426700e+01
2.66758510e+02 -2.85426700e+01
2.66758510e+02 -2.85426700e+01
2.66746830e+02 -2.85413300e+01
2.66746830e+02 -2.85413300e+01
2.66816000e+02 -2.85401700e+01
2.66758470e+02 -2.85371100e+01
2.66695950e+02 -2.85360300e+01
2.66693440e+02 -2.85346500e+01
2.66693440e+02 -2.85346500e+01
2.66770960e+02 -2.85342700e+01
2.66762620e+02 -2.85343100e+01
2.66721780e+02 -2.85336800e+01
2.66721780e+02 -2.85336800e+01
2.66770950e+02 -2.85331600e+01
2.66758440e+02 -2.85323900e+01
2.66758440e+02 -2.85323900e+01
2.66783020e+02 -2.85314400e+01
2.66800940e+02 -2.85313500e+01
2.66749260e+02 -2.85302100e+01
2.66749260e+02 -2.85302100e+01
2.66754260e+02 -2.85293500e+01
2.66728420e+02 -2.85292000e+01
2.66726750e+02 -2.85289300e+01
2.66800510e+02 -2.85283000e+01
2.66802170e+02 -2.85280100e+01
2.66802170e+02 -2.85280100e+01
2.66754250e+02 -2.85276900e+01
2.66758410e+02 -2.85273900e+01
2.66775080e+02 -2.85273100e+01
2.66775080e+02 -2.85273100e+01
2.66758410e+02 -2.85273900e+01
2.66754240e+02 -2.85271300e+01
2.66757160e+02 -2.85271200e+01
2.66757160e+02 -2.85271200e+01
2.66757160e+02 -2.85271200e+01
2.66785910e+02 -2.85261400e+01
2.66785910e+02 -2.85261400e+01
2.66799240e+02 -2.85258000e+01
2.66810490e+02 -2.85257500e+01
2.66792990e+02 -2.85252800e+01
2.66778400e+02 -2.85253500e+01
2.66752970e+02 -2.85238000e+01
2.66766720e+02 -2.85226300e+01
2.66766720e+02 -2.85226300e+01
2.66766720e+02 -2.85226300e+01
2.66766720e+02 -2.85226300e+01
2.66799220e+02 -2.85216400e+01
2.66762540e+02 -2.85209800e+01
2.66779200e+02 -2.85203400e+01
2.66777540e+02 -2.85203500e+01
2.66777540e+02 -2.85203500e+01
2.66777540e+02 -2.85203500e+01
2.66756700e+02 -2.85204500e+01
2.66756700e+02 -2.85201800e+01
2.66734600e+02 -2.85191700e+01
2.66734600e+02 -2.85191700e+01
2.66778780e+02 -2.85189600e+01
2.66743350e+02 -2.85185700e+01
2.66778360e+02 -2.85184000e+01
2.66777940e+02 -2.85184100e+01
2.66777940e+02 -2.85184100e+01
2.66777940e+02 -2.85184100e+01
2.66748350e+02 -2.85177200e+01
2.66756230e+02 -2.85112900e+01
2.66755800e+02 -2.85101800e+01
2.66755800e+02 -2.85101800e+01
2.66755800e+02 -2.85101800e+01
2.66741630e+02 -2.85094100e+01
2.66749960e+02 -2.85093700e+01
2.66766630e+02 -2.85092900e+01
2.66766630e+02 -2.85092900e+01
2.66766630e+02 -2.85092900e+01
2.66745750e+02 -2.85027300e+01
2.66806990e+02 -2.84979900e+01
2.66802400e+02 -2.84974500e+01
2.66802400e+02 -2.84974500e+01
2.66802400e+02 -2.84974500e+01
2.66785310e+02 -2.84967000e+01
2.66785310e+02 -2.84967000e+01
2.66769170e+02 -2.84949200e+01
2.66769040e+02 -2.84948400e+01
2.66769040e+02 -2.84948400e+01
2.66725280e+02 -2.84936600e+01
2.66729030e+02 -2.84933600e+01
2.66726520e+02 -2.84928200e+01
2.66724850e+02 -2.84914400e+01
2.66724850e+02 -2.84914400e+01
2.66798600e+02 -2.84905300e+01
2.66616890e+02 -2.84889100e+01
2.66616890e+02 -2.84889100e+01
2.66616890e+02 -2.84889100e+01
2.66616890e+02 -2.84889100e+01
2.66806080e+02 -2.84866000e+01
2.66725610e+02 -2.84811600e+01
2.66781020e+02 -2.84783900e+01
2.66781020e+02 -2.84783900e+01
2.66811740e+02 -2.84590700e+01
2.66781730e+02 -2.84581100e+01
2.66807950e+02 -2.84524300e+01
2.66807110e+02 -2.84510400e+01
2.66809610e+02 -2.84507500e+01
2.66810430e+02 -2.84493600e+01
2.66806680e+02 -2.84491000e+01
2.66806680e+02 -2.84491000e+01
2.66811260e+02 -2.84490800e+01
2.66807510e+02 -2.84485400e+01
2.66807510e+02 -2.84485400e+01
2.66811260e+02 -2.84485200e+01
2.66808760e+02 -2.84482500e+01
2.66808760e+02 -2.84482500e+01
2.66808760e+02 -2.84482500e+01
2.66808760e+02 -2.84482500e+01
2.66807420e+02 -2.84481200e+01
2.66807420e+02 -2.84481200e+01
2.66811130e+02 -2.84477700e+01
2.66811130e+02 -2.84477700e+01
2.66811250e+02 -2.84476900e+01
2.66811250e+02 -2.84476900e+01
2.66811250e+02 -2.84476900e+01
2.66811250e+02 -2.84475500e+01
2.66811250e+02 -2.84475500e+01
2.66811250e+02 -2.84474100e+01
2.66810000e+02 -2.84465800e+01
2.66801660e+02 -2.84460700e+01
2.66814160e+02 -2.84457300e+01
2.66814160e+02 -2.84457300e+01
2.66796640e+02 -2.84427600e+01
2.66796640e+02 -2.84427600e+01
2.66799550e+02 -2.84424700e+01
2.66799550e+02 -2.84424700e+01
2.66799550e+02 -2.84424700e+01
2.66797050e+02 -2.84424800e+01
2.66797050e+02 -2.84424800e+01
2.66797050e+02 -2.84424800e+01
2.66797050e+02 -2.84424800e+01
2.66796880e+02 -2.84419500e+01
2.66796880e+02 -2.84419500e+01
2.66878700e+02 -2.84370800e+01
2.66780350e+02 -2.84375600e+01
2.66791190e+02 -2.84375100e+01
2.66797020e+02 -2.84374800e+01
2.66807440e+02 -2.84374300e+01
2.66834940e+02 -2.84372900e+01
2.66679080e+02 -2.84374900e+01
2.66872850e+02 -2.84346100e+01
2.66668230e+02 -2.84347700e+01
2.66668230e+02 -2.84347700e+01
2.66869500e+02 -2.84324000e+01
2.66842410e+02 -2.84322600e+01
2.66694050e+02 -2.84321400e+01
2.66666960e+02 -2.84314400e+01
2.66666960e+02 -2.84314400e+01
2.66659840e+02 -2.84267500e+01
2.66842370e+02 -2.84255900e+01
2.66695250e+02 -2.84246400e+01
2.66533550e+02 -2.84232000e+01
2.66533550e+02 -2.84232000e+01
2.66839420e+02 -2.84207400e+01
2.66841080e+02 -2.84189300e+01
2.66520590e+02 -2.84177100e+01
2.66520590e+02 -2.84177100e+01
2.66520590e+02 -2.84177100e+01
2.66520590e+02 -2.84177100e+01
2.66520590e+02 -2.84177100e+01
2.66831050e+02 -2.84142600e+01
2.66831050e+02 -2.84142600e+01
2.66837890e+02 -2.84142200e+01
2.66844380e+02 -2.84133600e+01
2.66844380e+02 -2.84133600e+01
2.66844380e+02 -2.84133600e+01
2.66516490e+02 -2.84146700e+01
2.66805200e+02 -2.84132700e+01
2.66805200e+02 -2.84132700e+01
2.66805200e+02 -2.84132700e+01
2.66804790e+02 -2.84132700e+01
2.66805200e+02 -2.84132700e+01
2.66516780e+02 -2.84146100e+01
2.66797280e+02 -2.84130300e+01
2.66797280e+02 -2.84130300e+01
2.66797280e+02 -2.84130300e+01
2.66797280e+02 -2.84130300e+01
2.66517080e+02 -2.84143100e+01
2.66517090e+02 -2.84143100e+01
2.66517080e+02 -2.84142800e+01
2.66517080e+02 -2.84142800e+01
2.66517080e+02 -2.84142800e+01
2.66517080e+02 -2.84142800e+01
2.66517100e+02 -2.84142800e+01
2.66517080e+02 -2.84142700e+01
2.66517080e+02 -2.84142600e+01
2.66517060e+02 -2.84142600e+01
2.66517080e+02 -2.84142500e+01
2.66805610e+02 -2.84124400e+01
2.66805610e+02 -2.84124400e+01
2.66517050e+02 -2.84137800e+01
2.66517050e+02 -2.84137600e+01
2.66804450e+02 -2.84123600e+01
2.66804450e+02 -2.84123600e+01
2.66841830e+02 -2.84118400e+01
2.66840770e+02 -2.84118300e+01
2.66841950e+02 -2.84117600e+01
2.66805190e+02 -2.84118800e+01
2.66804360e+02 -2.84116100e+01
2.66831030e+02 -2.84112000e+01
2.66831030e+02 -2.84112000e+01
2.66831030e+02 -2.84112000e+01
2.66831440e+02 -2.84110600e+01
2.66515980e+02 -2.84121700e+01
2.66832690e+02 -2.84106400e+01
2.66804350e+02 -2.84105000e+01
2.66828100e+02 -2.84087200e+01
2.66836840e+02 -2.84070100e+01
2.66836840e+02 -2.84070100e+01
2.66828350e+02 -2.84069900e+01
2.66828330e+02 -2.84069900e+01
2.66828330e+02 -2.84069800e+01
2.66828370e+02 -2.84069600e+01
2.66828360e+02 -2.84069600e+01
2.66828360e+02 -2.84069400e+01
2.66827710e+02 -2.84069400e+01
2.66827790e+02 -2.84068800e+01
2.66836830e+02 -2.84061700e+01
2.66540120e+02 -2.84070600e+01
2.66837660e+02 -2.84056100e+01
2.66849330e+02 -2.84052800e+01
2.66849330e+02 -2.84052800e+01
2.66837350e+02 -2.84050900e+01
2.66837990e+02 -2.84050600e+01
2.66838030e+02 -2.84050300e+01
2.66697630e+02 -2.84040700e+01
2.66845140e+02 -2.84022400e+01
2.66845140e+02 -2.84022400e+01
2.66845140e+02 -2.84022400e+01
2.66839720e+02 -2.84022700e+01
2.66709280e+02 -2.84017900e+01
2.66835530e+02 -2.83984000e+01
2.66835530e+02 -2.83981200e+01
2.66835530e+02 -2.83978500e+01
2.66540900e+02 -2.83987200e+01
2.66540900e+02 -2.83987200e+01
2.66540900e+02 -2.83987200e+01
2.66840940e+02 -2.83972600e+01
2.66833440e+02 -2.83973000e+01
2.66835110e+02 -2.83972900e+01
2.66835110e+02 -2.83972900e+01
2.66835110e+02 -2.83971500e+01
2.66824690e+02 -2.83965100e+01
2.66824690e+02 -2.83965100e+01
2.66835100e+02 -2.83964600e+01
2.66835100e+02 -2.83964600e+01
2.66835520e+02 -2.83964600e+01
2.66833640e+02 -2.83964100e+01
2.66834260e+02 -2.83963200e+01
2.66834250e+02 -2.83963100e+01
2.66834260e+02 -2.83963100e+01
2.66833520e+02 -2.83962500e+01
2.66835520e+02 -2.83961800e+01
2.66835160e+02 -2.83960800e+01
2.66835180e+02 -2.83960500e+01
2.66835170e+02 -2.83960000e+01
2.66835310e+02 -2.83959900e+01
2.66835310e+02 -2.83959900e+01
2.66835310e+02 -2.83959900e+01
2.66835170e+02 -2.83959600e+01
2.66835170e+02 -2.83959600e+01
2.66835230e+02 -2.83959600e+01
2.66835230e+02 -2.83959600e+01
2.66835260e+02 -2.83959100e+01
2.66835100e+02 -2.83959000e+01
2.66835100e+02 -2.83959000e+01
2.66835100e+02 -2.83959000e+01
2.66835180e+02 -2.83959000e+01
2.66835180e+02 -2.83959000e+01
2.66837600e+02 -2.83958900e+01
2.66833850e+02 -2.83959100e+01
2.66834890e+02 -2.83959100e+01
2.66835120e+02 -2.83958500e+01
2.66835120e+02 -2.83958500e+01
2.66835120e+02 -2.83958500e+01
2.66835120e+02 -2.83958500e+01
2.66835100e+02 -2.83958500e+01
2.66835300e+02 -2.83958400e+01
2.66834990e+02 -2.83958400e+01
2.66835280e+02 -2.83958200e+01
2.66835260e+02 -2.83958100e+01
2.66835300e+02 -2.83958000e+01
2.66834890e+02 -2.83957500e+01
2.66835310e+02 -2.83957100e+01
2.66834680e+02 -2.83956300e+01
2.66834680e+02 -2.83956300e+01
2.66835100e+02 -2.83956300e+01
2.66834680e+02 -2.83956300e+01
2.66835100e+02 -2.83956300e+01
2.66835100e+02 -2.83956300e+01
2.66835060e+02 -2.83956000e+01
2.66835060e+02 -2.83956000e+01
2.66835060e+02 -2.83956000e+01
2.66835040e+02 -2.83954900e+01
2.66834680e+02 -2.83953500e+01
2.66834680e+02 -2.83953500e+01
2.66835380e+02 -2.83950500e+01
2.66834920e+02 -2.83949800e+01
2.66835090e+02 -2.83947900e+01
2.66835070e+02 -2.83947700e+01
2.66835060e+02 -2.83947700e+01
2.66835080e+02 -2.83947700e+01
2.66835070e+02 -2.83947700e+01
2.66835020e+02 -2.83947700e+01
2.66835060e+02 -2.83947700e+01
2.66835040e+02 -2.83947700e+01
2.66835030e+02 -2.83947700e+01
2.66541710e+02 -2.83953800e+01
2.66836750e+02 -2.83939500e+01
2.66836750e+02 -2.83939500e+01
2.66836750e+02 -2.83939500e+01
2.66836750e+02 -2.83939500e+01
2.66836750e+02 -2.83939500e+01
2.66856720e+02 -2.83937700e+01
2.66837590e+02 -2.83936700e+01
2.66850920e+02 -2.83933300e+01
2.66850920e+02 -2.83933300e+01
2.66835500e+02 -2.83934000e+01
2.66848420e+02 -2.83933400e+01
2.66848420e+02 -2.83933400e+01
2.66855870e+02 -2.83932900e+01
2.66535450e+02 -2.83943000e+01
2.66535450e+02 -2.83943000e+01
2.66839540e+02 -2.83924700e+01
2.66542120e+02 -2.83937100e+01
2.66542120e+02 -2.83937100e+01
2.66838830e+02 -2.83922700e+01
2.66836740e+02 -2.83922800e+01
2.66836740e+02 -2.83922800e+01
2.66836740e+02 -2.83922800e+01
2.66836740e+02 -2.83922800e+01
2.66836740e+02 -2.83922800e+01
2.66836740e+02 -2.83922800e+01
2.66836740e+02 -2.83922800e+01
2.66836740e+02 -2.83922800e+01
2.66836740e+02 -2.83922800e+01
2.66836740e+02 -2.83922800e+01
2.66836740e+02 -2.83922800e+01
2.66836740e+02 -2.83922800e+01
2.66836740e+02 -2.83922800e+01
2.66836740e+02 -2.83922800e+01
2.66836740e+02 -2.83922800e+01
2.66836740e+02 -2.83922800e+01
2.66836740e+02 -2.83922800e+01
2.66836740e+02 -2.83922800e+01
2.66836740e+02 -2.83922800e+01
2.66836740e+02 -2.83922800e+01
2.66836740e+02 -2.83922800e+01
2.66836740e+02 -2.83922800e+01
2.66836740e+02 -2.83922800e+01
2.66836740e+02 -2.83922800e+01
2.66836740e+02 -2.83922800e+01
2.66836740e+02 -2.83922800e+01
2.66836740e+02 -2.83922800e+01
2.66836740e+02 -2.83922800e+01
2.66836740e+02 -2.83922800e+01
2.66836740e+02 -2.83922800e+01
2.66836740e+02 -2.83922800e+01
2.66836740e+02 -2.83922800e+01
2.66836740e+02 -2.83922800e+01
2.66836740e+02 -2.83922800e+01
2.66836740e+02 -2.83922800e+01
2.66836740e+02 -2.83922800e+01
2.66836740e+02 -2.83922800e+01
2.66836740e+02 -2.83922800e+01
2.66836740e+02 -2.83922800e+01
2.66836740e+02 -2.83922800e+01
2.66836740e+02 -2.83922800e+01
2.66836740e+02 -2.83922800e+01
2.66836740e+02 -2.83922800e+01
2.66836740e+02 -2.83922800e+01
2.66836740e+02 -2.83922800e+01
2.66836740e+02 -2.83922800e+01
2.66836740e+02 -2.83922800e+01
2.66836740e+02 -2.83922800e+01
2.66836740e+02 -2.83922800e+01
2.66836740e+02 -2.83922800e+01
2.66836740e+02 -2.83922800e+01
2.66836740e+02 -2.83922800e+01
2.66836740e+02 -2.83922800e+01
2.66836740e+02 -2.83922800e+01
2.66836740e+02 -2.83922800e+01
2.66836740e+02 -2.83922800e+01
2.66836740e+02 -2.83922800e+01
2.66836740e+02 -2.83922800e+01
2.66836740e+02 -2.83922800e+01
2.66836740e+02 -2.83922800e+01
2.66836740e+02 -2.83922800e+01
2.66836740e+02 -2.83922800e+01
2.66836740e+02 -2.83922800e+01
2.66836740e+02 -2.83922800e+01
2.66836740e+02 -2.83922800e+01
2.66836740e+02 -2.83922800e+01
2.66836740e+02 -2.83922800e+01
2.66836740e+02 -2.83922800e+01
2.66836740e+02 -2.83922800e+01
2.66836740e+02 -2.83922800e+01
2.66836740e+02 -2.83922800e+01
2.66836740e+02 -2.83922800e+01
2.66836740e+02 -2.83922800e+01
2.66836740e+02 -2.83922800e+01
2.66836740e+02 -2.83922800e+01
2.66836740e+02 -2.83922800e+01
2.66836740e+02 -2.83922800e+01
2.66836740e+02 -2.83922800e+01
2.66836740e+02 -2.83922800e+01
2.66836740e+02 -2.83922800e+01
2.66836740e+02 -2.83922800e+01
2.66836740e+02 -2.83922800e+01
2.66836740e+02 -2.83922800e+01
2.66836740e+02 -2.83922800e+01
2.66836740e+02 -2.83922800e+01
2.66836740e+02 -2.83922800e+01
2.66837160e+02 -2.83920100e+01
2.66819650e+02 -2.83915300e+01
2.66819650e+02 -2.83915300e+01
2.66836740e+02 -2.83911700e+01
2.66830900e+02 -2.83909200e+01
2.66832570e+02 -2.83906400e+01
2.66539020e+02 -2.83917300e+01
2.66539020e+02 -2.83917300e+01
2.66541890e+02 -2.83915200e+01
2.66541890e+02 -2.83915200e+01
2.66540850e+02 -2.83915000e+01
2.66540850e+02 -2.83915000e+01
2.66540850e+02 -2.83915000e+01
2.66540850e+02 -2.83915000e+01
2.66540850e+02 -2.83915000e+01
2.66540850e+02 -2.83915000e+01
2.66540850e+02 -2.83915000e+01
2.66540850e+02 -2.83915000e+01
2.66540850e+02 -2.83915000e+01
2.66837560e+02 -2.83900600e+01
2.66541680e+02 -2.83903800e+01
2.66835470e+02 -2.83886800e+01
2.66836720e+02 -2.83886700e+01
2.66835470e+02 -2.83886800e+01
2.66835470e+02 -2.83886800e+01
2.66835470e+02 -2.83886800e+01
2.66835470e+02 -2.83886800e+01
2.66835470e+02 -2.83886800e+01
2.66833260e+02 -2.83885000e+01
2.66833220e+02 -2.83884700e+01
2.66833220e+02 -2.83884700e+01
2.66833420e+02 -2.83884100e+01
2.66833420e+02 -2.83884100e+01
2.66833420e+02 -2.83884100e+01
2.66833420e+02 -2.83884100e+01
2.66834630e+02 -2.83881300e+01
2.66838380e+02 -2.83881100e+01
2.66836720e+02 -2.83881200e+01
2.66845470e+02 -2.83875200e+01
2.66837130e+02 -2.83875600e+01
2.66861720e+02 -2.83871600e+01
2.66832550e+02 -2.83873100e+01
2.66828380e+02 -2.83870500e+01
2.66833500e+02 -2.83869400e+01
2.66833500e+02 -2.83869400e+01
2.66833280e+02 -2.83869100e+01
2.66833560e+02 -2.83868900e+01
2.66833560e+02 -2.83868900e+01
2.66833560e+02 -2.83868900e+01
2.66833560e+02 -2.83868900e+01
2.66833580e+02 -2.83868800e+01
2.66833580e+02 -2.83868800e+01
2.66833500e+02 -2.83868800e+01
2.66833500e+02 -2.83868800e+01
2.66833380e+02 -2.83868300e+01
2.66837540e+02 -2.83867300e+01
2.66827540e+02 -2.83862200e+01
2.66832370e+02 -2.83861100e+01
2.66832370e+02 -2.83861100e+01
2.66837540e+02 -2.83858900e+01
2.66833790e+02 -2.83858000e+01
2.66833740e+02 -2.83857800e+01
2.66833740e+02 -2.83857800e+01
2.66833740e+02 -2.83857800e+01
2.66833740e+02 -2.83857800e+01
2.66833740e+02 -2.83857700e+01
2.66833740e+02 -2.83857700e+01
2.66840870e+02 -2.83856000e+01
2.66840870e+02 -2.83856000e+01
2.66811700e+02 -2.83857400e+01
2.66834700e+02 -2.83855400e+01
2.66834700e+02 -2.83855400e+01
2.66834620e+02 -2.83853500e+01
2.66834620e+02 -2.83853500e+01
2.66834620e+02 -2.83853500e+01
2.66834620e+02 -2.83853500e+01
2.66834620e+02 -2.83853500e+01
2.66834620e+02 -2.83853500e+01
2.66834620e+02 -2.83853500e+01
2.66831700e+02 -2.83853600e+01
2.66831700e+02 -2.83853600e+01
2.66831700e+02 -2.83853600e+01
2.66834620e+02 -2.83853500e+01
2.66834620e+02 -2.83853500e+01
2.66834620e+02 -2.83853500e+01
2.66834620e+02 -2.83853500e+01
2.66834620e+02 -2.83853500e+01
2.66834620e+02 -2.83853500e+01
2.66834620e+02 -2.83853500e+01
2.66834620e+02 -2.83853500e+01
2.66834620e+02 -2.83853500e+01
2.66834620e+02 -2.83853500e+01
2.66831700e+02 -2.83853600e+01
2.66831700e+02 -2.83853600e+01
2.66831700e+02 -2.83853600e+01
2.66831700e+02 -2.83853600e+01
2.66831700e+02 -2.83853600e+01
2.66835030e+02 -2.83853500e+01
2.66834620e+02 -2.83853500e+01
2.66834620e+02 -2.83853500e+01
2.66835030e+02 -2.83853500e+01
2.66835030e+02 -2.83853500e+01
2.66835030e+02 -2.83853500e+01
2.66835030e+02 -2.83853500e+01
2.66836700e+02 -2.83853400e+01
2.66835030e+02 -2.83853500e+01
2.66835030e+02 -2.83853500e+01
2.66835030e+02 -2.83853500e+01
2.66835450e+02 -2.83853500e+01
2.66835030e+02 -2.83853500e+01
2.66834620e+02 -2.83853500e+01
2.66835030e+02 -2.83853500e+01
2.66832490e+02 -2.83852200e+01
2.66832490e+02 -2.83852200e+01
2.66833990e+02 -2.83851900e+01
2.66833990e+02 -2.83851900e+01
2.66834160e+02 -2.83851300e+01
2.66834160e+02 -2.83851300e+01
2.66858370e+02 -2.83849600e+01
2.66858370e+02 -2.83849600e+01
2.66828360e+02 -2.83851000e+01
2.66834200e+02 -2.83850700e+01
2.66834200e+02 -2.83850700e+01
2.66834370e+02 -2.83850700e+01
2.66834370e+02 -2.83850700e+01
2.66835030e+02 -2.83850700e+01
2.66835030e+02 -2.83850700e+01
2.66835030e+02 -2.83850700e+01
2.66835030e+02 -2.83850700e+01
2.66835450e+02 -2.83850700e+01
2.66835450e+02 -2.83850700e+01
2.66833930e+02 -2.83850500e+01
2.66833820e+02 -2.83850500e+01
2.66833820e+02 -2.83850500e+01
2.66833860e+02 -2.83850200e+01
2.66833820e+02 -2.83850200e+01
2.66833910e+02 -2.83849900e+01
2.66833910e+02 -2.83849900e+01
2.66833910e+02 -2.83849900e+01
2.66834070e+02 -2.83849600e+01
2.66834070e+02 -2.83849600e+01
2.66832070e+02 -2.83849500e+01
2.66832070e+02 -2.83849500e+01
2.66834040e+02 -2.83849400e+01
2.66835280e+02 -2.83849300e+01
2.66835320e+02 -2.83848500e+01
2.66835320e+02 -2.83848500e+01
2.66833860e+02 -2.83848400e+01
2.66833870e+02 -2.83848300e+01
2.66833870e+02 -2.83848300e+01
2.66835450e+02 -2.83847900e+01
2.66834200e+02 -2.83848000e+01
2.66835450e+02 -2.83847900e+01
2.66835030e+02 -2.83847900e+01
2.66835030e+02 -2.83847900e+01
2.66834860e+02 -2.83847900e+01
2.66834860e+02 -2.83847900e+01
2.66833650e+02 -2.83847700e+01
2.66833650e+02 -2.83847700e+01
2.66835060e+02 -2.83847700e+01
2.66835060e+02 -2.83847700e+01
2.66834910e+02 -2.83847700e+01
2.66835060e+02 -2.83847700e+01
2.66834910e+02 -2.83847700e+01
2.66833860e+02 -2.83847600e+01
2.66833810e+02 -2.83847400e+01
2.66833950e+02 -2.83847300e+01
2.66833960e+02 -2.83847300e+01
2.66833990e+02 -2.83847100e+01
2.66833990e+02 -2.83847100e+01
2.66834070e+02 -2.83846900e+01
2.66834070e+02 -2.83846900e+01
2.66834070e+02 -2.83846900e+01
2.66833930e+02 -2.83846700e+01
2.66834020e+02 -2.83846600e+01
2.66834020e+02 -2.83846600e+01
2.66834030e+02 -2.83846600e+01
2.66834020e+02 -2.83846600e+01
2.66834020e+02 -2.83846600e+01
2.66834020e+02 -2.83846600e+01
2.66834020e+02 -2.83846600e+01
2.66834020e+02 -2.83846600e+01
2.66834020e+02 -2.83846600e+01
2.66834020e+02 -2.83846600e+01
2.66834020e+02 -2.83846600e+01
2.66833970e+02 -2.83846500e+01
2.66834070e+02 -2.83846300e+01
2.66834070e+02 -2.83846300e+01
2.66833830e+02 -2.83846100e+01
2.66833910e+02 -2.83846000e+01
2.66834030e+02 -2.83845800e+01
2.66834570e+02 -2.83845700e+01
2.66834570e+02 -2.83845700e+01
2.66834240e+02 -2.83845500e+01
2.66833430e+02 -2.83845400e+01
2.66833400e+02 -2.83845400e+01
2.66833680e+02 -2.83845400e+01
2.66833520e+02 -2.83845300e+01
2.66834200e+02 -2.83845200e+01
2.66834200e+02 -2.83845200e+01
2.66832530e+02 -2.83845300e+01
2.66834030e+02 -2.83845100e+01
2.66833860e+02 -2.83845000e+01
2.66834240e+02 -2.83844900e+01
2.66834240e+02 -2.83844900e+01
2.66833820e+02 -2.83844900e+01
2.66833820e+02 -2.83844900e+01
2.66833910e+02 -2.83844800e+01
2.66833910e+02 -2.83844800e+01
2.66833910e+02 -2.83844800e+01
2.66833910e+02 -2.83844800e+01
2.66833910e+02 -2.83844800e+01
2.66833820e+02 -2.83844400e+01
2.66833820e+02 -2.83844400e+01
2.66833990e+02 -2.83844100e+01
2.66833990e+02 -2.83844100e+01
2.66833950e+02 -2.83843800e+01
2.66833790e+02 -2.83843500e+01
2.66833790e+02 -2.83843500e+01
2.66834030e+02 -2.83843300e+01
2.66834030e+02 -2.83843300e+01
2.66833350e+02 -2.83843000e+01
2.66833300e+02 -2.83843000e+01
2.66833160e+02 -2.83842900e+01
2.66833110e+02 -2.83842500e+01
2.66838780e+02 -2.83842200e+01
2.66835860e+02 -2.83842300e+01
2.66834610e+02 -2.83842400e+01
2.66833150e+02 -2.83842400e+01
2.66834470e+02 -2.83842300e+01
2.66834470e+02 -2.83842300e+01
2.66834530e+02 -2.83842100e+01
2.66834360e+02 -2.83842100e+01
2.66834530e+02 -2.83842100e+01
2.66834360e+02 -2.83842100e+01
2.66833280e+02 -2.83842200e+01
2.66833280e+02 -2.83842200e+01
2.66833280e+02 -2.83842200e+01
2.66833400e+02 -2.83842100e+01
2.66833390e+02 -2.83842100e+01
2.66833780e+02 -2.83841900e+01
2.66833780e+02 -2.83841900e+01
2.66832940e+02 -2.83841600e+01
2.66832940e+02 -2.83841600e+01
2.66834530e+02 -2.83841600e+01
2.66834530e+02 -2.83841600e+01
2.66833170e+02 -2.83841400e+01
2.66833160e+02 -2.83841400e+01
2.66832980e+02 -2.83841400e+01
2.66832980e+02 -2.83841400e+01
2.66833170e+02 -2.83840000e+01
2.66833170e+02 -2.83840000e+01
2.66833170e+02 -2.83840000e+01
2.66832920e+02 -2.83840000e+01
2.66832920e+02 -2.83840000e+01
2.66833160e+02 -2.83839900e+01
2.66833160e+02 -2.83839900e+01
2.66836690e+02 -2.83839500e+01
2.66832520e+02 -2.83839700e+01
2.66845030e+02 -2.83839100e+01
2.66845030e+02 -2.83839100e+01
2.66832520e+02 -2.83839700e+01
2.66845030e+02 -2.83839100e+01
2.66890870e+02 -2.83836900e+01
2.66845030e+02 -2.83839100e+01
2.66832520e+02 -2.83839700e+01
2.66845030e+02 -2.83839100e+01
2.66836690e+02 -2.83839500e+01
2.66836690e+02 -2.83839500e+01
2.66835030e+02 -2.83839600e+01
2.66835030e+02 -2.83839600e+01
2.66835030e+02 -2.83839600e+01
2.66832520e+02 -2.83839700e+01
2.66832520e+02 -2.83839700e+01
2.66832520e+02 -2.83839700e+01
2.66832520e+02 -2.83839700e+01
2.66832520e+02 -2.83839700e+01
2.66836690e+02 -2.83839500e+01
2.66836690e+02 -2.83839500e+01
2.66836690e+02 -2.83839500e+01
2.66836690e+02 -2.83839500e+01
2.66833850e+02 -2.83839700e+01
2.66833850e+02 -2.83839700e+01
2.66834480e+02 -2.83839600e+01
2.66834480e+02 -2.83839600e+01
2.66834190e+02 -2.83839600e+01
2.66834190e+02 -2.83839600e+01
2.66832110e+02 -2.83839500e+01
2.66832940e+02 -2.83839100e+01
2.66832940e+02 -2.83839100e+01
2.66831270e+02 -2.83839000e+01
2.66834860e+02 -2.83837700e+01
2.66834860e+02 -2.83837700e+01
2.66833420e+02 -2.83837600e+01
2.66832770e+02 -2.83836900e+01
2.66832770e+02 -2.83836900e+01
2.66834610e+02 -2.83836800e+01
2.66830860e+02 -2.83837000e+01
2.66831270e+02 -2.83837000e+01
2.66832770e+02 -2.83836900e+01
2.66832770e+02 -2.83836900e+01
2.66836690e+02 -2.83836700e+01
2.66836690e+02 -2.83836700e+01
2.66836690e+02 -2.83836700e+01
2.66830810e+02 -2.83836500e+01
2.66830810e+02 -2.83836500e+01
2.66834600e+02 -2.83834100e+01
2.66834600e+02 -2.83834100e+01
2.66830730e+02 -2.83833700e+01
2.66833850e+02 -2.83833500e+01
2.66833850e+02 -2.83833500e+01
2.66831260e+02 -2.83833100e+01
2.66831260e+02 -2.83833100e+01
2.66831260e+02 -2.83833100e+01
2.66831060e+02 -2.83832800e+01
2.66831060e+02 -2.83832300e+01
2.66831060e+02 -2.83832300e+01
2.66838770e+02 -2.83831100e+01
2.66829190e+02 -2.83831500e+01
2.66829600e+02 -2.83831500e+01
2.66828350e+02 -2.83826000e+01
2.66831270e+02 -2.83825900e+01
2.66834890e+02 -2.83823500e+01
2.66834890e+02 -2.83823500e+01
2.66836680e+02 -2.83822900e+01
2.66836680e+02 -2.83822900e+01
2.66836680e+02 -2.83822900e+01
2.66828350e+02 -2.83823300e+01
2.66828350e+02 -2.83823300e+01
2.66828350e+02 -2.83823300e+01
2.66829600e+02 -2.83823200e+01
2.66835270e+02 -2.83822400e+01
2.66835270e+02 -2.83822400e+01
2.66831350e+02 -2.83822000e+01
2.66835680e+02 -2.83821200e+01
2.66835680e+02 -2.83821200e+01
2.66831300e+02 -2.83820900e+01
2.66831300e+02 -2.83820900e+01
2.66837930e+02 -2.83820000e+01
2.66835220e+02 -2.83820100e+01
2.66835220e+02 -2.83820100e+01
2.66828230e+02 -2.83819400e+01
2.66828140e+02 -2.83819100e+01
2.66828140e+02 -2.83819100e+01
2.66828140e+02 -2.83819000e+01
2.66827660e+02 -2.83818300e+01
2.66827660e+02 -2.83818300e+01
2.66827680e+02 -2.83818300e+01
2.66827760e+02 -2.83818000e+01
2.66827510e+02 -2.83817700e+01
2.66836890e+02 -2.83816700e+01
2.66836890e+02 -2.83816700e+01
2.66827720e+02 -2.83817200e+01
2.66827720e+02 -2.83817200e+01
2.66832090e+02 -2.83814700e+01
2.66827510e+02 -2.83815000e+01
2.66827510e+02 -2.83815000e+01
2.66832090e+02 -2.83814700e+01
2.66808750e+02 -2.83813100e+01
2.66829170e+02 -2.83812100e+01
2.66828750e+02 -2.83809300e+01
2.66836670e+02 -2.83806200e+01
2.66840840e+02 -2.83803200e+01
2.66845420e+02 -2.83803000e+01
2.66845420e+02 -2.83803000e+01
2.66828370e+02 -2.83796900e+01
2.66828370e+02 -2.83796900e+01
2.66840830e+02 -2.83794900e+01
2.66840830e+02 -2.83794900e+01
2.66840830e+02 -2.83794900e+01
2.66828330e+02 -2.83795500e+01
2.66828330e+02 -2.83795500e+01
2.66828250e+02 -2.83794600e+01
2.66829120e+02 -2.83792700e+01
2.66835160e+02 -2.83792400e+01
2.66827870e+02 -2.83791100e+01
2.66827870e+02 -2.83791100e+01
2.66828740e+02 -2.83790700e+01
2.66828740e+02 -2.83790700e+01
2.66836660e+02 -2.83789500e+01
2.66836660e+02 -2.83789500e+01
2.66828330e+02 -2.83789900e+01
2.66831240e+02 -2.83789800e+01
2.66800820e+02 -2.83788500e+01
2.66821240e+02 -2.83784700e+01
2.66834160e+02 -2.83784100e+01
2.66834160e+02 -2.83784100e+01
2.66835820e+02 -2.83784000e+01
2.66833450e+02 -2.83782500e+01
2.66833240e+02 -2.83782100e+01
2.66833450e+02 -2.83781900e+01
2.66833490e+02 -2.83781300e+01
2.66833490e+02 -2.83781100e+01
2.66833490e+02 -2.83781100e+01
2.66833470e+02 -2.83780300e+01
2.66833470e+02 -2.83780200e+01
2.66833470e+02 -2.83779500e+01
2.66833470e+02 -2.83779500e+01
2.66833400e+02 -2.83779500e+01
2.66835400e+02 -2.83775700e+01
2.66819980e+02 -2.83773700e+01
2.66836650e+02 -2.83772900e+01
2.66800390e+02 -2.83766300e+01
2.66800390e+02 -2.83764900e+01
2.66800390e+02 -2.83760700e+01
2.66800390e+02 -2.83760700e+01
2.66800390e+02 -2.83760700e+01
2.66831430e+02 -2.83757300e+01
2.66831430e+02 -2.83757300e+01
2.66832470e+02 -2.83756400e+01
2.66836640e+02 -2.83756200e+01
2.66836640e+02 -2.83756200e+01
2.66836640e+02 -2.83756200e+01
2.66836640e+02 -2.83756200e+01
2.66836640e+02 -2.83756200e+01
2.66836640e+02 -2.83756200e+01
2.66836640e+02 -2.83756200e+01
2.66836640e+02 -2.83756200e+01
2.66836640e+02 -2.83756200e+01
2.66836640e+02 -2.83756200e+01
2.66836640e+02 -2.83756200e+01
2.66831170e+02 -2.83740100e+01
2.66831170e+02 -2.83740100e+01
2.66821210e+02 -2.83740300e+01
2.66819960e+02 -2.83740300e+01
2.66819960e+02 -2.83740300e+01
2.66832460e+02 -2.83739700e+01
2.66834540e+02 -2.83734100e+01
2.66834540e+02 -2.83734100e+01
2.66834120e+02 -2.83731300e+01
2.66812910e+02 -2.83732300e+01
2.66832040e+02 -2.83728600e+01
2.66832040e+02 -2.83728600e+01
2.66832460e+02 -2.83728600e+01
2.66834540e+02 -2.83725700e+01
2.66834540e+02 -2.83725700e+01
2.66834540e+02 -2.83725700e+01
2.66834540e+02 -2.83725700e+01
2.66834540e+02 -2.83725700e+01
2.66834120e+02 -2.83725800e+01
2.66834120e+02 -2.83725800e+01
2.66834950e+02 -2.83725700e+01
2.66834950e+02 -2.83725700e+01
2.66834950e+02 -2.83725700e+01
2.66834950e+02 -2.83725700e+01
2.66832450e+02 -2.83724700e+01
2.66832450e+02 -2.83724700e+01
2.66832450e+02 -2.83723900e+01
2.66832450e+02 -2.83723900e+01
2.66832450e+02 -2.83723900e+01
2.66832450e+02 -2.83723600e+01
2.66832850e+02 -2.83722600e+01
2.66832870e+02 -2.83720300e+01
2.66832870e+02 -2.83720300e+01
2.66832870e+02 -2.83720300e+01
2.66859950e+02 -2.83718900e+01
2.66832820e+02 -2.83719700e+01
2.66832820e+02 -2.83719700e+01
2.66832820e+02 -2.83719700e+01
2.66832820e+02 -2.83719700e+01
2.66832820e+02 -2.83719700e+01
2.66832820e+02 -2.83719700e+01
2.66832370e+02 -2.83719700e+01
2.66832780e+02 -2.83718900e+01
2.66833280e+02 -2.83718800e+01
2.66832380e+02 -2.83718700e+01
2.66832380e+02 -2.83718600e+01
2.66832370e+02 -2.83718600e+01
2.66832550e+02 -2.83718500e+01
2.66832340e+02 -2.83718500e+01
2.66832820e+02 -2.83718300e+01
2.66832530e+02 -2.83718300e+01
2.66832570e+02 -2.83718300e+01
2.66832570e+02 -2.83718300e+01
2.66832570e+02 -2.83718300e+01
2.66832450e+02 -2.83718300e+01
2.66832530e+02 -2.83718200e+01
2.66832400e+02 -2.83718200e+01
2.66832380e+02 -2.83718100e+01
2.66832970e+02 -2.83717900e+01
2.66832950e+02 -2.83717800e+01
2.66832820e+02 -2.83717800e+01
2.66832820e+02 -2.83717800e+01
2.66832860e+02 -2.83717500e+01
2.66832860e+02 -2.83717500e+01
2.66833280e+02 -2.83717500e+01
2.66833280e+02 -2.83717500e+01
2.66824110e+02 -2.83717900e+01
2.66833280e+02 -2.83717500e+01
2.66833280e+02 -2.83717500e+01
2.66832860e+02 -2.83717500e+01
2.66842870e+02 -2.83717000e+01
2.66842870e+02 -2.83717000e+01
2.66833110e+02 -2.83716500e+01
2.66832820e+02 -2.83716400e+01
2.66832910e+02 -2.83716100e+01
2.66832910e+02 -2.83716100e+01
2.66832250e+02 -2.83715900e+01
2.66843120e+02 -2.83715000e+01
2.66843120e+02 -2.83715000e+01
2.66833910e+02 -2.83715200e+01
2.66833910e+02 -2.83715200e+01
2.66833910e+02 -2.83715200e+01
2.66834530e+02 -2.83714600e+01
2.66834530e+02 -2.83714600e+01
2.66834530e+02 -2.83714600e+01
2.66834530e+02 -2.83714600e+01
2.66834530e+02 -2.83714600e+01
2.66834530e+02 -2.83714600e+01
2.66834530e+02 -2.83714600e+01
2.66834530e+02 -2.83714600e+01
2.66832900e+02 -2.83714700e+01
2.66833700e+02 -2.83714700e+01
2.66833700e+02 -2.83714700e+01
2.66833070e+02 -2.83714700e+01
2.66834950e+02 -2.83714600e+01
2.66817030e+02 -2.83715500e+01
2.66817030e+02 -2.83715500e+01
2.66817030e+02 -2.83715500e+01
2.66832900e+02 -2.83714100e+01
2.66832900e+02 -2.83714100e+01
2.66832900e+02 -2.83714100e+01
2.66832950e+02 -2.83713900e+01
2.66832950e+02 -2.83713300e+01
2.66833070e+02 -2.83710100e+01
2.66830290e+02 -2.83709500e+01
2.66833280e+02 -2.83709100e+01
2.66832860e+02 -2.83709100e+01
2.66833110e+02 -2.83708700e+01
2.66830400e+02 -2.83708500e+01
2.66830320e+02 -2.83707900e+01
2.66830360e+02 -2.83707300e+01
2.66827440e+02 -2.83706600e+01
2.66833690e+02 -2.83706300e+01
2.66833690e+02 -2.83706300e+01
2.66833690e+02 -2.83706300e+01
2.66835320e+02 -2.83706200e+01
2.66834520e+02 -2.83706300e+01
2.66833610e+02 -2.83705800e+01
2.66833610e+02 -2.83705800e+01
2.66833440e+02 -2.83705800e+01
2.66834520e+02 -2.83704300e+01
2.66834520e+02 -2.83704300e+01
2.66832860e+02 -2.83703600e+01
2.66834940e+02 -2.83703500e+01
2.66836440e+02 -2.83701700e+01
2.66834940e+02 -2.83701500e+01
2.66832400e+02 -2.83701200e+01
2.66834520e+02 -2.83700700e+01
2.66834520e+02 -2.83700700e+01
2.66834810e+02 -2.83700200e+01
2.66834810e+02 -2.83700200e+01
2.66834810e+02 -2.83700200e+01
2.66834650e+02 -2.83699100e+01
2.66834650e+02 -2.83699100e+01
2.66834520e+02 -2.83698000e+01
2.66859940e+02 -2.83696700e+01
2.66834440e+02 -2.83697400e+01
2.66834850e+02 -2.83694300e+01
2.66834850e+02 -2.83694300e+01
2.66834850e+02 -2.83694300e+01
2.66834610e+02 -2.83693300e+01
2.66873690e+02 -2.83690500e+01
2.66873690e+02 -2.83690500e+01
2.66873690e+02 -2.83690500e+01
2.66873690e+02 -2.83690500e+01
2.66858680e+02 -2.83688400e+01
2.66834930e+02 -2.83686800e+01
2.66859520e+02 -2.83685600e+01
2.66825470e+02 -2.83685600e+01
2.66825470e+02 -2.83685600e+01
2.66860260e+02 -2.83680900e+01
2.66860260e+02 -2.83680900e+01
2.66860260e+02 -2.83680900e+01
2.66835340e+02 -2.83681200e+01
2.66859930e+02 -2.83680100e+01
2.66859930e+02 -2.83680100e+01
2.66859930e+02 -2.83680100e+01
2.66859930e+02 -2.83680100e+01
2.66859100e+02 -2.83680100e+01
2.66859390e+02 -2.83679800e+01
2.66859390e+02 -2.83679800e+01
2.66833300e+02 -2.83680800e+01
2.66833340e+02 -2.83680000e+01
2.66833340e+02 -2.83680000e+01
2.66833420e+02 -2.83679700e+01
2.66833420e+02 -2.83679700e+01
2.66833420e+02 -2.83679700e+01
2.66859200e+02 -2.83677500e+01
2.66822010e+02 -2.83679100e+01
2.66822010e+02 -2.83679100e+01
2.66859720e+02 -2.83676700e+01
2.66859720e+02 -2.83676700e+01
2.66822300e+02 -2.83676900e+01
2.66822300e+02 -2.83676900e+01
2.66822300e+02 -2.83676900e+01
2.66790750e+02 -2.83675100e+01
2.66832420e+02 -2.83673100e+01
2.66817830e+02 -2.83673800e+01
2.66827000e+02 -2.83673300e+01
2.66827000e+02 -2.83673300e+01
2.66844500e+02 -2.83664100e+01
2.66834910e+02 -2.83659000e+01
2.66844080e+02 -2.83658600e+01
2.66845330e+02 -2.83658500e+01
2.66844830e+02 -2.83657500e+01
2.66844830e+02 -2.83657500e+01
2.66844830e+02 -2.83657500e+01
2.66844750e+02 -2.83656900e+01
2.66844750e+02 -2.83656900e+01
2.66836580e+02 -2.83656200e+01
2.66844490e+02 -2.83655800e+01
2.66844490e+02 -2.83655800e+01
2.66844490e+02 -2.83655800e+01
2.66844490e+02 -2.83655800e+01
2.66844910e+02 -2.83655800e+01
2.66844450e+02 -2.83653300e+01
2.66844450e+02 -2.83653300e+01
2.66842870e+02 -2.83653400e+01
2.66842870e+02 -2.83653400e+01
2.66846160e+02 -2.83653200e+01
2.66846160e+02 -2.83653200e+01
2.66846160e+02 -2.83653200e+01
2.66851990e+02 -2.83649900e+01
2.66844460e+02 -2.83646400e+01
2.66844860e+02 -2.83645200e+01
2.66844860e+02 -2.83645200e+01
2.66844900e+02 -2.83644700e+01
2.66853640e+02 -2.83624800e+01
2.66853640e+02 -2.83624800e+01
2.66853100e+02 -2.83621200e+01
2.66850340e+02 -2.83620700e+01
2.66850360e+02 -2.83620700e+01
2.66850360e+02 -2.83620700e+01
2.66850360e+02 -2.83620700e+01
2.66850370e+02 -2.83620600e+01
2.66850370e+02 -2.83620600e+01
2.66853180e+02 -2.83620100e+01
2.66836540e+02 -2.83589500e+01
2.66836540e+02 -2.83589500e+01
2.66828240e+02 -2.83588300e+01
2.66834030e+02 -2.83575800e+01
2.66819840e+02 -2.83548700e+01
2.66834410e+02 -2.83520200e+01
2.66834410e+02 -2.83520200e+01
2.66836480e+02 -2.83506200e+01
2.66469650e+02 -2.83420900e+01
2.66469650e+02 -2.83420900e+01
2.66458020e+02 -2.83410600e+01
2.66458020e+02 -2.83410600e+01
2.66468890e+02 -2.83402300e+01
2.66468890e+02 -2.83402300e+01
2.66728380e+02 -2.83233600e+01
2.66728380e+02 -2.83233600e+01
2.66536230e+02 -2.83187400e+01
2.66717500e+02 -2.83175800e+01
2.66717500e+02 -2.83175800e+01
2.66262630e+02 -2.82847900e+01
2.66262630e+02 -2.82847900e+01
2.66266300e+02 -2.82728300e+01
2.66266300e+02 -2.82728300e+01
