# wave flux
      90.9000       0.0000000
      93.5000       0.0000000
      96.1000       0.0000000
      97.7000       0.0000000
      99.6000       0.0000000
      102.000       0.0000000
      103.800       0.0000000
      105.600       0.0000000
      107.700       0.0000000
      110.400       0.0000000
      114.000       0.0000000
      117.800       0.0000000
      121.300       0.0000000
      124.800       0.0000000
      127.100       0.0000000
      128.400       0.0000000
      130.500       0.0000000
      132.400       0.0000000
      133.900       0.0000000
      136.600       0.0000000
      139.800       0.0000000
      143.300       0.0000000
      147.200       0.0000000
      151.000       0.0000000
      155.200       0.0000000
      158.800       0.0000000
      162.000       0.0000000
      166.000       0.0000000
      170.300       0.0000000
      173.400       0.0000000
      176.800       0.0000000
      180.200       0.0000000
      181.700       0.0000000
      186.100       0.0000000
      191.000       0.0000000
      193.900       0.0000000
      198.400       0.0000000
      201.800       0.0000000
      205.000       0.0000000
      210.500       0.0000000
      216.200       0.0000000
      219.800       0.0000000
      223.000       0.0000000
      226.800       0.0000000
      230.000       0.0000000
      234.000       0.0000000
      240.000       0.0000000
      246.500       0.0000000
      252.400       0.0000000
      256.800       0.0000000
      260.000       0.0000000
      264.000       0.0000000
      268.500       0.0000000
      273.500       0.0000000
      278.500       0.0000000
      284.000       0.0000000
      290.000       0.0000000
      296.000       0.0000000
      301.000       0.0000000
      308.000       0.0000000
      318.000       0.0000000
      328.000       0.0000000
      338.000       0.0000000
      348.000       0.0000000
      357.000       0.0000000
      366.000       0.0000000
      375.000       0.0000000
      385.000       0.0000000
      395.000       0.0000000
      405.000       0.0000000
      414.000       0.0000000
      422.000       0.0000000
      430.000       0.0000000
      441.000       0.0000000
      451.000       0.0000000
      460.000       0.0000000
      470.000       0.0000000
      480.000       0.0000000
      490.000       0.0000000
      500.000       0.0000000
      506.000   9.4604119e-38
      512.000   1.7171637e-37
      520.000   3.2820040e-37
      530.000   7.2131169e-37
      540.000   1.5231561e-36
      550.000   3.1624052e-36
      560.000   6.3865186e-36
      570.000   1.2600378e-35
      580.000   2.4208902e-35
      590.000   4.6028157e-35
      600.000   8.5410192e-35
      610.000   1.5572048e-34
      620.000   2.7884921e-34
      630.000   4.9112808e-34
      640.000   8.5121904e-34
      650.000   1.4543573e-33
      658.000   2.2081829e-33
      665.000   3.1568729e-33
      675.000   5.2038501e-33
      685.000   8.4677789e-33
      695.000   1.3600025e-32
      705.000   2.1546552e-32
      716.000   3.5353052e-32
      726.000   5.4728903e-32
      735.000   8.0337934e-32
      745.000   1.2181196e-31
      755.000   1.8282702e-31
      765.000   2.7169663e-31
      775.000   3.9981971e-31
      785.000   5.8296615e-31
      795.000   8.4046676e-31
      805.000   1.2049521e-30
      815.000   1.7118657e-30
      825.000   2.4106834e-30
      835.000   3.3666981e-30
      845.000   4.6675628e-30
      855.000   6.4209569e-30
      865.000   8.7685288e-30
      875.000   1.1885900e-29
      885.000   1.6013045e-29
      895.000   2.1422669e-29
      905.000   2.8456034e-29
      915.000   1.4802251e-27
      925.000   9.0638263e-27
      935.000   1.4440727e-26
      945.000   2.2195582e-26
      955.000   3.2328403e-26
      965.000   4.2521991e-26
      975.000   4.2019442e-26
      985.000   6.1455285e-26
      995.000   6.9268578e-26
      1005.00   9.0630476e-26
      1015.00   1.0927549e-25
      1025.00   8.9968193e-26
      1035.00   1.4799133e-25
      1045.00   1.8027143e-25
      1055.00   2.1163992e-25
      1065.00   2.3644021e-25
      1075.00   2.8555767e-25
      1085.00   3.2858223e-25
      1095.00   3.6150900e-25
      1105.00   1.2181976e-24
      1115.00   3.6081555e-24
      1125.00   4.8833868e-24
      1135.00   5.0762257e-24
      1145.00   4.6665501e-24
      1155.00   4.7347254e-24
      1165.00   4.8618827e-24
      1175.00   4.1872960e-24
      1185.00   3.5820540e-24
      1195.00   2.0874149e-24
      1205.00   2.1225543e-24
      1215.00   5.1895136e-25
      1225.00   2.4016453e-24
      1235.00   5.0646169e-24
      1245.00   1.4543573e-23
      1255.00   5.6220969e-23
      1265.00   7.9278289e-23
      1275.00   3.8769621e-22
      1285.00   8.0548296e-22
      1295.00   9.9138773e-22
      1305.00   6.0126056e-22
      1315.00   1.3570417e-21
      1325.00   1.6409633e-21
      1335.00   1.5147413e-21
      1345.00   2.1758482e-21
      1355.00   2.0972322e-21
      1365.00   1.9376627e-21
      1375.00   2.3080696e-21
      1385.00   2.2337389e-21
      1395.00   2.5386193e-21
      1405.00   2.6293121e-21
      1415.00   2.4014114e-21
      1425.00   2.8141260e-21
      1435.00   2.5348794e-21
      1442.00   2.9935637e-21
      1447.00   3.5161382e-21
      1455.00   3.4850502e-21
      1465.00   3.0558960e-21
      1475.00   3.0204447e-21
      1485.00   3.4269257e-21
      1495.00   3.8255376e-21
      1505.00   4.0145591e-21
      1512.00   3.4875438e-21
      1517.00   3.8701829e-21
      1525.00   3.3218191e-21
      1535.00   2.9116753e-21
      1545.00   4.2444072e-21
      1555.00   3.7317287e-21
      1565.00   3.4002008e-21
      1575.00   4.1318988e-21
      1585.00   4.5608196e-21
      1595.00   5.0988992e-21
      1605.00   4.7741503e-21
      1615.00   4.6297740e-21
      1625.00   4.0297524e-21
      1635.00   4.5630793e-21
      1645.00   5.0026743e-21
      1655.00   3.7655433e-21
      1665.00   5.0451380e-21
      1672.00   3.1615483e-21
      1677.00   4.9701058e-21
      1685.00   5.6307450e-21
      1695.00   5.0184133e-21
      1705.00   4.8550258e-21
      1715.00   4.9667559e-21
      1725.00   4.9371482e-21
      1735.00   5.4327639e-21
      1745.00   5.3643546e-21
      1755.00   6.1110127e-21
      1765.00   5.0322819e-21
      1775.00   5.8799947e-21
      1785.00   5.8224942e-21
      1795.00   6.7111113e-21
      1805.00   6.3819221e-21
      1815.00   6.3092272e-21
      1825.00   6.1348542e-21
      1835.00   5.8751642e-21
      1845.00   5.3329550e-21
      1855.00   5.8577114e-21
      1865.00   6.0227345e-21
      1875.00   6.2884237e-21
      1885.00   6.2704263e-21
      1895.00   6.4483049e-21
      1905.00   6.0831968e-21
      1915.00   6.5513083e-21
      1925.00   6.6866465e-21
      1935.00   6.3082145e-21
      1945.00   6.9592706e-21
      1955.00   6.9198461e-21
      1967.00   7.3583505e-21
      1976.00   7.2915771e-21
      1984.00   7.1007636e-21
      1995.00   6.8954588e-21
      2005.00   6.7639375e-21
      2015.00   6.6233014e-21
      2025.00   6.5548143e-21
      2035.00   6.9181318e-21
      2045.00   7.3927873e-21
      2055.00   7.1063736e-21
      2065.00   6.9818661e-21
      2074.00   7.5758877e-21
      2078.00   7.7472225e-21
      2085.00   7.6364277e-21
      2095.00   7.4027611e-21
      2105.00   7.0800388e-21
      2115.00   7.1684718e-21
      2125.00   7.4637689e-21
      2135.00   6.2777500e-21
      2145.00   7.1559273e-21
      2155.00   7.3041988e-21
      2165.00   6.9168076e-21
      2175.00   6.8667859e-21
      2185.00   7.0173946e-21
      2195.00   7.5717578e-21
      2205.00   7.2632939e-21
      2215.00   6.6881272e-21
      2225.00   6.5841882e-21
      2235.00   7.5032718e-21
      2245.00   6.7387713e-21
      2255.00   6.5887072e-21
      2265.00   6.6890619e-21
      2275.00   7.1444741e-21
      2285.00   7.4950121e-21
      2295.00   7.0654683e-21
      2305.00   7.0367171e-21
      2315.00   6.7909740e-21
      2325.00   5.1524265e-21
      2335.00   6.3464703e-21
      2345.00   5.8050408e-21
      2355.00   6.9780477e-21
      2365.00   5.9751286e-21
      2375.00   6.5102473e-21
      2385.00   5.5861781e-21
      2395.00   6.3308098e-21
      2405.00   6.0287336e-21
      2415.00   6.2832042e-21
      2425.00   6.9783591e-21
      2435.00   6.6955287e-21
      2445.00   7.2611127e-21
      2455.00   7.0254975e-21
      2465.00   7.0981923e-21
      2475.00   6.7856771e-21
      2485.00   7.1903651e-21
      2495.00   6.9411157e-21
      2505.00   7.9496450e-21
      2513.00   6.9376874e-21
      2518.00   7.0449769e-21
      2525.00   6.5492825e-21
      2535.00   6.5021441e-21
      2545.00   6.5569184e-21
      2555.00   7.2783317e-21
      2565.00   7.2543337e-21
      2575.00   7.8958840e-21
      2585.00   7.9426330e-21
      2595.00   7.7420797e-21
      2605.00   7.4676640e-21
      2615.00   7.3680893e-21
      2625.00   8.1265116e-21
      2635.00   8.1896228e-21
      2645.00   9.3489948e-21
      2655.00   9.2890006e-21
      2665.00   8.4950487e-21
      2675.00   8.9718865e-21
      2685.00   8.9633164e-21
      2695.00   8.5854303e-21
      2705.00   8.9048797e-21
      2715.00   8.4599873e-21
      2725.00   8.6056874e-21
      2735.00   9.3708105e-21
      2745.00   7.8070610e-21
      2755.00   8.0470382e-21
      2765.00   8.4366128e-21
      2775.00   9.0755132e-21
      2785.00   8.5651716e-21
      2795.00   5.2904914e-21
      2805.00   6.2100423e-21
      2815.00   9.4050937e-21
      2825.00   9.8710240e-21
      2835.00   9.5694932e-21
      2845.00   9.2812088e-21
      2855.00   9.0794092e-21
      2865.00   9.8180417e-21
      2875.00   9.5866349e-21
      2885.00   9.8375204e-21
      2895.00   9.5289776e-21
      2910.00   1.0644717e-20
      2930.00   1.0350200e-20
      2950.00   1.0425777e-20
      2970.00   1.0660300e-20
      2990.00   1.0904952e-20
      3010.00   1.1212717e-20
      3030.00   1.1194016e-20
      3050.00   1.1256349e-20
      3070.00   1.1296864e-20
      3090.00   1.1585928e-20
      3110.00   1.1415295e-20
      3130.00   1.1530609e-20
      3150.00   1.1776819e-20
      3170.00   1.1818893e-20
      3190.00   1.1483080e-20
      3210.00   1.1898366e-20
      3230.00   1.1768248e-20
      3250.00   1.2032379e-20
      3270.00   1.2230284e-20
      3290.00   1.2423511e-20
      3310.00   1.2609728e-20
      3330.00   1.2513113e-20
      3350.00   1.2479611e-20
      3370.00   1.2598040e-20
      3390.00   1.2607390e-20
      3410.00   1.2919829e-20
      3430.00   1.3000861e-20
      3450.00   1.3049167e-20
      3470.00   1.3021118e-20
      3490.00   1.3101370e-20
      3510.00   1.3374073e-20
      3530.00   1.3506527e-20
      3550.00   1.3644436e-20
      3570.00   1.3529124e-20
      3590.00   1.3586000e-20
      3610.00   1.3671707e-20
      3630.00   1.3790916e-20
      3640.00   1.3784683e-20
      3650.00   1.4131403e-20
      3670.00   1.3792475e-20
      3690.00   1.2751533e-20
      3710.00   1.4245938e-20
      3730.00   1.4969766e-20
      3750.00   1.9080552e-20
      3770.00   2.0282775e-20
      3790.00   2.5769534e-20
      3810.00   3.0927496e-20
      3830.00   2.4297724e-20
      3850.00   3.5103725e-20
      3870.00   4.0638791e-20
      3890.00   2.1616676e-20
      3910.00   4.1140564e-20
      3930.00   3.8667549e-20
      3950.00   4.1459234e-20
      3970.00   2.1160097e-20
      3990.00   4.0784493e-20
      4010.00   4.6282938e-20
      4030.00   4.6636672e-20
      4050.00   4.6538494e-20
      4070.00   4.4474537e-20
      4090.00   3.3860204e-20
      4110.00   2.5584096e-20
      4130.00   4.2834432e-20
      4150.00   4.5655726e-20
      4170.00   4.5725071e-20
      4190.00   4.5537292e-20
      4210.00   4.5516261e-20
      4230.00   4.4913978e-20
      4250.00   4.4840736e-20
      4270.00   4.4054580e-20
      4290.00   4.4285201e-20
      4310.00   4.1626750e-20
      4330.00   3.0593240e-20
      4350.00   2.6085090e-20
      4370.00   4.1568313e-20
      4390.00   4.2978570e-20
      4410.00   4.3178038e-20
      4430.00   4.3166350e-20
      4450.00   4.3633836e-20
      4470.00   4.3423466e-20
      4490.00   4.2775216e-20
      4510.00   4.3190500e-20
      4530.00   4.2769759e-20
      4550.00   4.2105146e-20
      4570.00   4.2765085e-20
      4590.00   4.2213452e-20
      4610.00   4.2754174e-20
      4630.00   4.1950093e-20
      4650.00   4.2345122e-20
      4670.00   4.2106705e-20
      4690.00   4.1371971e-20
      4710.00   4.0391024e-20
      4730.00   4.1524682e-20
      4750.00   4.1404695e-20
      4770.00   4.1157705e-20
      4790.00   4.0871756e-20
      4810.00   4.0164287e-20
      4830.00   3.8401860e-20
      4850.00   2.9165839e-20
      4870.00   2.3570000e-20
      4890.00   3.6853693e-20
      4910.00   3.9219181e-20
      4930.00   3.9201260e-20
      4950.00   3.9517601e-20
      4970.00   3.9692124e-20
      4990.00   3.9316573e-20
      5010.00   3.8643397e-20
      5030.00   3.8975312e-20
      5050.00   3.8533533e-20
      5070.00   3.8858440e-20
      5090.00   3.8722089e-20
      5110.00   3.8558468e-20
      5130.00   3.8360564e-20
      5150.00   3.8045011e-20
      5170.00   3.7460646e-20
      5190.00   3.7406882e-20
      5210.00   3.7648421e-20
      5230.00   3.7168468e-20
      5250.00   3.7529212e-20
      5270.00   3.6723574e-20
      5290.00   3.7237033e-20
      5310.00   3.6775776e-20
      5330.00   3.6594237e-20
      5350.00   3.6877841e-20
      5370.00   3.6583326e-20
      5390.00   3.6497622e-20
      5410.00   3.6172716e-20
      5430.00   3.6170380e-20
      5450.00   3.6175831e-20
      5470.00   3.6040262e-20
      5490.00   3.5961565e-20
      5510.00   3.5829888e-20
      5530.00   3.5609392e-20
      5550.00   3.5592252e-20
      5570.00   3.5407596e-20
      5590.00   3.5331237e-20
      5610.00   3.5251764e-20
      5630.00   3.5138008e-20
      5650.00   3.4972830e-20
      5670.00   3.4820895e-20
      5690.00   3.4750773e-20
      5710.00   3.4631561e-20
      5730.00   3.4552868e-20
      5750.00   3.4376780e-20
      5770.00   3.4273153e-20
      5790.00   3.4126673e-20
      5810.00   3.4024606e-20
      5830.00   3.3910849e-20
      5850.00   3.3800210e-20
      5870.00   3.3633473e-20
      5890.00   3.3275067e-20
      5910.00   3.3421547e-20
      5930.00   3.3319478e-20
      5950.00   3.3130143e-20
      5970.00   3.3057685e-20
      5990.00   3.2866016e-20
      6010.00   3.2778748e-20
      6030.00   3.2717975e-20
      6050.00   3.2590196e-20
      6070.00   3.2506048e-20
      6090.00   3.2383720e-20
      6110.00   3.2257499e-20
      6130.00   3.2113357e-20
      6150.00   3.1644308e-20
      6170.00   3.1879613e-20
      6190.00   3.1831306e-20
      6210.00   3.1723780e-20
      6230.00   3.1581979e-20
      6250.00   3.1235257e-20
      6270.00   3.1408226e-20
      6290.00   3.1303042e-20
      6310.00   3.1125396e-20
      6330.00   3.1065402e-20
      6350.00   3.0631416e-20
      6370.00   3.0630636e-20
      6390.00   3.0728811e-20
      6410.00   3.0549608e-20
      6430.00   3.0481820e-20
      6450.00   3.0139777e-20
      6470.00   3.0214570e-20
      6490.00   2.9925509e-20
      6510.00   2.9635666e-20
      6530.00   2.8730299e-20
      6550.00   2.4661587e-20
      6561.25   1.9875980e-20
      6590.00   2.7439248e-20
      6610.00   2.8971834e-20
      6630.00   2.9256222e-20
      6650.00   2.9288943e-20
      6670.00   2.9245313e-20
      6690.00   2.9203241e-20
      6710.00   2.9148697e-20
      6730.00   2.9010009e-20
      6750.00   2.8946899e-20
      6770.00   2.8883791e-20
      6790.00   2.8784838e-20
      6810.00   2.8692121e-20
      6830.00   2.8576025e-20
      6850.00   2.8491094e-20
      6870.00   2.8413186e-20
      6890.00   2.8325921e-20
      6910.00   2.8227748e-20
      6930.00   2.8128015e-20
      6950.00   2.8042310e-20
      6970.00   2.7946474e-20
      6990.00   2.7875572e-20
      7010.00   2.7701041e-20
      7030.00   2.7666762e-20
      7050.00   2.7582613e-20
      7070.00   2.7514047e-20
      7090.00   2.7430678e-20
      7110.00   2.7093306e-20
      7130.00   2.7201608e-20
      7150.00   2.7122136e-20
      7170.00   2.7060583e-20
      7190.00   2.6972537e-20
      7210.00   2.6897741e-20
      7230.00   2.6789438e-20
      7250.00   2.6685032e-20
      7270.00   2.6650753e-20
      7290.00   2.6537775e-20
      7310.00   2.6451289e-20
      7330.00   2.6395189e-20
      7350.00   2.6325069e-20
      7370.00   2.6247933e-20
      7390.00   2.6145086e-20
      7410.00   2.5951855e-20
      7430.00   2.5881731e-20
      7450.00   2.5841997e-20
      7470.00   2.5675257e-20
      7490.00   2.5672921e-20
      7510.00   2.5629289e-20
      7530.00   2.5581762e-20
      7550.00   2.5526442e-20
      7570.00   2.5438397e-20
      7590.00   2.5365936e-20
      7610.00   2.5292698e-20
      7630.00   2.5209330e-20
      7650.00   2.5115048e-20
      7670.00   2.5022333e-20
      7690.00   2.4964676e-20
      7710.00   2.4857153e-20
      7730.00   2.4827547e-20
      7750.00   2.4748071e-20
      7770.00   2.4174619e-20
      7790.00   2.4608605e-20
      7810.00   2.4533807e-20
      7830.00   2.4436414e-20
      7850.00   2.4321100e-20
      7870.00   2.4191760e-20
      7890.00   2.4088131e-20
      7910.00   2.4101379e-20
      7930.00   2.4065537e-20
      7950.00   2.3876207e-20
      7970.00   2.3954897e-20
      7990.00   2.3608956e-20
      8010.00   2.3798291e-20
      8030.00   2.3718037e-20
      8050.00   2.3661160e-20
      8070.00   2.3579350e-20
      8090.00   2.3516239e-20
      8110.00   2.3451568e-20
      8130.00   2.3395472e-20
      8150.00   2.3327686e-20
      8170.00   2.3261458e-20
      8190.00   2.3029272e-20
      8210.00   2.3077576e-20
      8230.00   2.2989535e-20
      8250.00   2.2995767e-20
      8270.00   2.3098614e-20
      8290.00   2.3004339e-20
      8310.00   2.2933434e-20
      8330.00   2.2665409e-20
      8350.00   2.2564119e-20
      8370.00   2.2411407e-20
      8390.00   2.2067803e-20
      8410.00   2.1770167e-20
      8430.00   2.1565251e-20
      8450.00   2.1372025e-20
      8470.00   2.0891290e-20
      8490.00   2.1692254e-20
      8510.00   2.0377832e-20
      8530.00   2.2137146e-20
      8550.00   1.9325981e-20
      8570.00   2.2879676e-20
      8590.00   2.0665336e-20
      8610.00   2.0237585e-20
      8630.00   2.3573896e-20
      8650.00   2.2068583e-20
      8670.00   1.8145573e-20
      8690.00   2.2819681e-20
      8710.00   2.4233835e-20
      8730.00   2.2800201e-20
      8750.00   1.7850275e-20
      8770.00   2.1693032e-20
      8790.00   2.4251754e-20
      8810.00   2.4574319e-20
      8830.00   2.3749204e-20
      8850.00   2.0775197e-20
      8870.00   1.7633673e-20
      8890.00   2.2699692e-20
      8910.00   2.4146568e-20
      8930.00   2.4469916e-20
      8950.00   2.4600034e-20
      8970.00   2.4136441e-20
      8990.00   2.2663850e-20
      9010.00   1.7770023e-20
      9030.00   1.9562842e-20
      9050.00   2.3040958e-20
      9070.00   2.3568442e-20
      9090.00   2.3638567e-20
      9110.00   2.4084236e-20
      9130.00   2.4127867e-20
      9150.00   2.4073330e-20
      9170.00   2.3756217e-20
      9190.00   2.3019143e-20
      9210.00   2.0999592e-20
      9230.00   1.6290422e-20
      9250.00   2.0289007e-20
      9270.00   2.2160521e-20
      9290.00   2.3318335e-20
      9310.00   2.3511563e-20
      9330.00   2.3508445e-20
      9350.00   2.3506109e-20
      9370.00   2.3461698e-20
      9390.00   2.3229510e-20
      9410.00   2.2900711e-20
      9430.00   2.3161724e-20
      9450.00   2.3076022e-20
      9470.00   2.2904608e-20
      9490.00   2.2603856e-20
      9510.00   2.1866783e-20
      9530.00   1.9625953e-20
      9550.00   1.5770730e-20
      9570.00   2.0013970e-20
      9590.00   2.1787309e-20
      9610.00   2.2169092e-20
      9630.00   2.2081826e-20
      9650.00   2.2405953e-20
      9670.00   2.2227529e-20
      9690.00   2.2301547e-20
      9710.00   2.2342841e-20
      9730.00   2.2276612e-20
      9750.00   2.2196361e-20
      9770.00   2.2161302e-20
      9790.00   2.2091956e-20
      9810.00   2.2010145e-20
      9830.00   2.1901066e-20
      9850.00   2.1802114e-20
      9870.00   2.1742898e-20
      9890.00   2.1544994e-20
      9910.00   2.1590963e-20
      9930.00   2.1475650e-20
      9950.00   2.1410201e-20
      9970.00   2.1294109e-20
      9990.00   2.1033873e-20
      10025.0   1.8851481e-20
      10075.0   1.8043504e-20
      10125.0   2.0574177e-20
      10175.0   2.0771303e-20
      10225.0   2.0717540e-20
      10275.0   2.0578074e-20
      10325.0   2.0417569e-20
      10375.0   2.0275766e-20
      10425.0   2.0135518e-20
      10475.0   1.9901772e-20
      10525.0   1.9777111e-20
      10575.0   1.9675821e-20
      10625.0   1.9554274e-20
      10675.0   1.9178724e-20
      10725.0   1.9183399e-20
      10775.0   1.9064968e-20
      10825.0   1.8881089e-20
      10875.0   1.8447883e-20
      10925.0   1.5455175e-20
      10975.0   1.7090607e-20
      11025.0   1.8304520e-20
      11075.0   1.8341141e-20
      11125.0   1.8262447e-20
      11175.0   1.8153365e-20
      11225.0   1.8037272e-20
      11275.0   1.7681202e-20
      11325.0   1.7595496e-20
      11375.0   1.7646140e-20
      11425.0   1.7508230e-20
      11475.0   1.7445898e-20
      11525.0   1.7338376e-20
      11575.0   1.7216828e-20
      11625.0   1.7011136e-20
      11675.0   1.6833488e-20
      11725.0   1.6887250e-20
      11775.0   1.6567800e-20
      11825.0   1.6578707e-20
      11875.0   1.6425213e-20
      11925.0   1.6461056e-20
      11975.0   1.6272502e-20
      12025.0   1.6232767e-20
      12075.0   1.6093296e-20
      12125.0   1.6005253e-20
      12175.0   1.5928898e-20
      12225.0   1.5819037e-20
      12275.0   1.5697489e-20
      12325.0   1.5608666e-20
      12375.0   1.5525299e-20
      12425.0   1.5448942e-20
      12475.0   1.5301682e-20
      12525.0   1.5245585e-20
      12575.0   1.5075730e-20
      12625.0   1.5009503e-20
      12675.0   1.4918343e-20
      12725.0   1.4737581e-20
      12775.0   1.4107251e-20
      12825.0   1.2133668e-20
      12875.0   1.4098678e-20
      12925.0   1.4408779e-20
      12975.0   1.4393978e-20
      13025.0   1.4348007e-20
      13075.0   1.4270870e-20
      13125.0   1.4182827e-20
      13175.0   1.4055047e-20
      13225.0   1.4017649e-20
      13275.0   1.3935837e-20
      13325.0   1.3854026e-20
      13375.0   1.3772218e-20
      13425.0   1.3688069e-20
      13475.0   1.3601583e-20
      13525.0   1.3504969e-20
      13575.0   1.3430951e-20
      13625.0   1.3364722e-20
      13675.0   1.3275121e-20
      13725.0   1.3158248e-20
      13775.0   1.3134096e-20
      13825.0   1.3060076e-20
      13875.0   1.2996964e-20
      13925.0   1.2901130e-20
      13975.0   1.2843472e-20
      14025.0   1.2773349e-20
      14075.0   1.2703227e-20
      14125.0   1.2626090e-20
      14175.0   1.2558304e-20
      14225.0   1.2485843e-20
      14275.0   1.2414941e-20
      14325.0   1.2347153e-20
      14375.0   1.2282487e-20
      14425.0   1.2095491e-20
      14475.0   1.2142240e-20
      14525.0   1.2015238e-20
      14570.0   1.2014460e-20
      14620.0   1.1951348e-20
      14675.0   1.1902262e-20
      14725.0   1.1836034e-20
      14775.0   1.1743316e-20
      14825.0   1.1705138e-20
      14875.0   1.1610081e-20
      14925.0   1.1595278e-20
      14975.0   1.1497883e-20
      15025.0   1.1408283e-20
      15075.0   1.1314784e-20
      15125.0   1.1248556e-20
      15175.0   1.1140255e-20
      15225.0   1.1060782e-20
      15275.0   1.0967284e-20
      15325.0   1.0869112e-20
      15375.0   1.0883917e-20
      15425.0   1.0655625e-20
      15475.0   1.0774834e-20
      15525.0   1.0697699e-20
      15575.0   1.0361887e-20
      15625.0   1.0856646e-20
      15675.0   1.0397727e-20
      15725.0   1.0148400e-20
      15775.0   1.0763926e-20
      15825.0   1.0645496e-20
      15875.0   9.6684451e-21
      15925.0   1.0315917e-20
      15975.0   1.0741332e-20
      16050.0   1.0356433e-20
      16150.0   9.8102499e-21
      16250.0   1.0488888e-20
      16350.0   9.9902333e-21
      16450.0   9.4759956e-21
      16550.0   1.0200603e-20
      16650.0   1.0114118e-20
      16750.0   9.5741678e-21
      16850.0   9.0614896e-21
      16950.0   9.8001209e-21
      17050.0   9.7385691e-21
      17150.0   9.6489669e-21
      17250.0   9.4432711e-21
      17350.0   8.4171338e-21
      17450.0   9.1183672e-21
      17550.0   9.2414723e-21
      17650.0   9.1791391e-21
      17750.0   9.1074590e-21
      17850.0   9.0155198e-21
      17950.0   8.9298132e-21
      18050.0   8.7490506e-21
      18150.0   7.8849767e-21
      18250.0   8.3571398e-21
      18350.0   8.5675090e-21
      18450.0   8.5082944e-21
      18550.0   8.4093421e-21
      18650.0   8.2550717e-21
      18750.0   7.4072807e-21
      18850.0   8.0618426e-21
      18950.0   8.1007992e-21
      19050.0   8.0672957e-21
      19150.0   7.9917195e-21
      19250.0   7.8958842e-21
      19350.0   7.7173817e-21
      19450.0   6.9344934e-21
      19550.0   7.5814204e-21
      19650.0   7.6236495e-21
      19750.0   7.5694205e-21
      19850.0   7.5105170e-21
      19950.0   7.4448358e-21
      20050.0   7.3808677e-21
      20150.0   7.3171335e-21
      20250.0   7.2530091e-21
      20350.0   7.1893531e-21
      20450.0   7.1299820e-21
      20550.0   7.0688969e-21
      20650.0   7.0054736e-21
      20750.0   6.9478171e-21
      20850.0   6.8903163e-21
      20950.0   6.8326585e-21
      21050.0   6.7740672e-21
      21150.0   6.7083069e-21
      21250.0   6.6532993e-21
      21350.0   6.5986030e-21
      21450.0   6.5326094e-21
      21550.0   6.4077121e-21
      21650.0   5.7961586e-21
      21750.0   6.2497785e-21
      21850.0   6.3185770e-21
      21950.0   6.2931761e-21
      22050.0   6.2409743e-21
      22150.0   6.1857332e-21
      22250.0   6.1448271e-21
      22350.0   6.0958188e-21
      22450.0   6.0481347e-21
      22550.0   5.9975687e-21
      22650.0   5.9533123e-21
      22750.0   5.9070317e-21
      22850.0   5.8884094e-21
      22950.0   5.9367170e-21
      23050.0   5.8868511e-21
      23150.0   5.8222602e-21
      23250.0   5.7612531e-21
      23350.0   5.6992323e-21
      23450.0   5.6410296e-21
      23550.0   5.5847759e-21
      23650.0   5.5305472e-21
      23750.0   5.4767854e-21
      23850.0   5.4259076e-21
      23950.0   5.3765877e-21
      24050.0   5.3279690e-21
      24150.0   5.2763884e-21
      24250.0   5.2336913e-21
      24350.0   5.1971497e-21
      24450.0   5.1437000e-21
      24550.0   5.1273374e-21
      24650.0   5.0651615e-21
      24750.0   5.0407751e-21
      24850.0   5.0365670e-21
      24950.0   4.9088644e-21
      25050.0   5.0467736e-21
      25150.0   4.9584186e-21
      25250.0   4.7682286e-21
      25350.0   4.8589213e-21
      25450.0   4.8766859e-21
      25550.0   4.7820196e-21
      25650.0   4.5859082e-21
      25750.0   4.7370626e-21
      25850.0   4.7508533e-21
      25950.0   4.7108059e-21
      26050.0   4.5720391e-21
      26150.0   4.3693052e-21
      26250.0   4.1725700e-21
      26350.0   4.4905405e-21
      26450.0   4.5549764e-21
      26550.0   4.5273940e-21
      26650.0   4.4326497e-21
      26750.0   4.1622854e-21
      26850.0   4.3742915e-21
      26950.0   4.4166771e-21
      27050.0   4.4011721e-21
      27150.0   4.3803693e-21
      27250.0   4.3469438e-21
      27350.0   4.3058824e-21
      27450.0   4.2383303e-21
      27550.0   3.9555775e-21
      27650.0   4.0665284e-21
      27750.0   4.1780236e-21
      27850.0   4.1734273e-21
      27950.0   4.1550393e-21
      28050.0   4.1280030e-21
      28150.0   4.1008888e-21
      28250.0   4.0742419e-21
      28350.0   4.0484521e-21
      28450.0   4.0122214e-21
      28550.0   3.9696024e-21
      28650.0   3.8424449e-21
      28750.0   3.6164924e-21
      28850.0   3.8589631e-21
      28950.0   3.8775068e-21
      29050.0   3.8701049e-21
      29150.0   3.8429908e-21
      29250.0   3.8227326e-21
      29350.0   3.7991247e-21
      29450.0   3.7755945e-21
      29550.0   3.7523758e-21
      29650.0   3.7290012e-21
      29750.0   3.7060165e-21
      29850.0   3.6834211e-21
      29950.0   3.6604363e-21
      30050.0   3.6365947e-21
      30150.0   3.6032469e-21
      30250.0   3.5526019e-21
      30350.0   3.3208838e-21
      30450.0   3.3737881e-21
      30550.0   3.4979061e-21
      30650.0   3.4993866e-21
      30750.0   3.4866087e-21
      30850.0   3.4634675e-21
      30950.0   3.4453916e-21
      31050.0   3.4246660e-21
      31150.0   3.4035513e-21
      31250.0   3.3832157e-21
      31350.0   3.3646718e-21
      31450.0   3.3437126e-21
      31550.0   3.3261040e-21
      31650.0   3.3070930e-21
      31750.0   3.2869131e-21
      31850.0   3.2689925e-21
      31950.0   3.2498255e-21
      32100.0   3.2217760e-21
      32300.0   3.1853899e-21
      32500.0   3.1490814e-21
      32700.0   3.1028781e-21
      32900.0   2.9045074e-21
      33100.0   3.0000306e-21
      33300.0   3.0278464e-21
      33500.0   2.9965246e-21
      33700.0   2.9574117e-21
      33900.0   2.9227394e-21
      34100.0   2.8884570e-21
      34300.0   2.8553430e-21
      34500.0   2.8232421e-21
      34700.0   2.7891934e-21
      34900.0   2.7574042e-21
      35100.0   2.7267837e-21
      35300.0   2.6960071e-21
      35500.0   2.6663998e-21
      35700.0   2.6354674e-21
      35900.0   2.6109244e-21
      36100.0   2.5789015e-21
      36300.0   2.5584878e-21
      36500.0   2.5229583e-21
      36700.0   2.5114271e-21
      36900.0   2.4624967e-21
      37100.0   2.4557181e-21
      37300.0   2.3678301e-21
      37500.0   2.3057322e-21
      37700.0   2.3866077e-21
      37900.0   2.3725828e-21
      38100.0   2.3174193e-21
      38300.0   2.3000445e-21
      38500.0   2.3078360e-21
      38700.0   2.2859419e-21
      38900.0   2.2479195e-21
      39100.0   2.1823930e-21
      39300.0   2.2154290e-21
      39500.0   2.2056117e-21
      39700.0   2.1863667e-21
      39900.0   2.1642390e-21
      40100.0   2.0977774e-21
      40300.0   2.0650533e-21
      40500.0   1.9965662e-21
      40700.0   2.0698841e-21
      40900.0   2.0647418e-21
      41100.0   2.0481460e-21
      41300.0   2.0277321e-21
      41500.0   1.9950861e-21
      41700.0   1.9082889e-21
      41900.0   1.9570634e-21
      42100.0   1.9550377e-21
      42300.0   1.9401562e-21
      42500.0   1.9229368e-21
      42700.0   1.9060293e-21
      42900.0   1.8893556e-21
      43100.0   1.8727598e-21
      43300.0   1.8560859e-21
      43500.0   1.8315428e-21
      43700.0   1.7485636e-21
      43900.0   1.7752103e-21
      44100.0   1.7893910e-21
      44300.0   1.7779375e-21
      44500.0   1.7628220e-21
      44700.0   1.7554981e-21
      44900.0   1.7405382e-21
      45100.0   1.7261240e-21
      45300.0   1.7114762e-21
      45500.0   1.6974515e-21
      45700.0   1.6831930e-21
      45900.0   1.6690904e-21
      46100.0   1.6528062e-21
      46300.0   1.6288864e-21
      46500.0   1.5353886e-21
      46700.0   1.5230781e-21
      46900.0   1.5790987e-21
      47100.0   1.5850204e-21
      47300.0   1.5768394e-21
      47500.0   1.5637495e-21
      47700.0   1.5515951e-21
      47900.0   1.5395181e-21
      48100.0   1.5272856e-21
      48300.0   1.5152866e-21
      48500.0   1.5034436e-21
      48700.0   1.4916784e-21
      48900.0   1.4800692e-21
      49100.0   1.4685377e-21
      49300.0   1.4572401e-21
      49500.0   1.4460985e-21
      49700.0   1.4350345e-21
      49900.0   1.4239705e-21
      50100.0   1.4132183e-21
      50300.0   1.4024660e-21
      50500.0   1.3919475e-21
      50700.0   1.3815069e-21
      50900.0   1.3684952e-21
      51100.0   1.3441079e-21
      51300.0   1.2757766e-21
      51500.0   1.3285249e-21
      51700.0   1.3293039e-21
      51900.0   1.3212011e-21
      52100.0   1.3114616e-21
      52300.0   1.3019559e-21
      52500.0   1.2924503e-21
      52700.0   1.2831006e-21
      52900.0   1.2738288e-21
      53100.0   1.2647127e-21
      53300.0   1.2556746e-21
      53500.0   1.2467145e-21
      53700.0   1.2377542e-21
      53900.0   1.2290277e-21
      54100.0   1.2203791e-21
      54300.0   1.2117308e-21
      54500.0   1.2032379e-21
      54700.0   1.1948232e-21
      54900.0   1.1865643e-21
      55100.0   1.1783053e-21
      55300.0   1.1701243e-21
      55500.0   1.1620988e-21
      55700.0   1.1539958e-21
      55900.0   1.1459705e-21
      56100.0   1.1382570e-21
      56300.0   1.1306215e-21
      56500.0   1.1229858e-21
      56700.0   1.1153501e-21
      56900.0   1.1078703e-21
      57100.0   1.1004684e-21
      57300.0   1.0930664e-21
      57500.0   1.0858204e-21
      57700.0   1.0785744e-21
      57900.0   1.0714062e-21
      58100.0   1.0643938e-21
      58300.0   1.0573815e-21
      58500.0   1.0527844e-21
      58700.0   1.0429673e-21
      58900.0   1.0244235e-21
      59100.0   9.7362312e-22
      59300.0   1.0155412e-21
      59500.0   1.0170216e-21
      59700.0   1.0124246e-21
      59900.0   1.0058798e-21
      60100.0   9.9949086e-22
      60300.0   9.9317974e-22
      60500.0   9.8686848e-22
      60700.0   9.8055750e-22
      60900.0   9.7440224e-22
      61100.0   9.6816901e-22
      61300.0   9.6216961e-22
      61500.0   9.5617026e-22
      61700.0   9.5017069e-22
      61900.0   9.4424921e-22
      62100.0   9.3840552e-22
      62300.0   9.3256205e-22
      62500.0   9.2687424e-22
      62700.0   9.2110849e-22
      62900.0   9.1557658e-22
      63100.0   9.0996669e-22
      63300.0   9.0435684e-22
      63500.0   8.9890283e-22
      63700.0   8.9352661e-22
      63900.0   8.8807273e-22
      64200.0   8.8012537e-22
      64600.0   8.6960682e-22
      65000.0   8.5932210e-22
      65400.0   8.4919320e-22
      65800.0   8.3922011e-22
      66200.0   8.2940285e-22
      66600.0   8.1981934e-22
      67000.0   8.1039161e-22
      67400.0   8.0111985e-22
      67800.0   7.9200384e-22
      68200.0   7.8304356e-22
      68600.0   7.7414568e-22
      69000.0   7.6547376e-22
      69400.0   7.5695766e-22
      69800.0   7.4858178e-22
      70200.0   7.4036970e-22
      70600.0   7.3223530e-22
      71000.0   7.2431921e-22
      71400.0   7.1640305e-22
      71800.0   7.0870511e-22
      72200.0   7.0100709e-22
      72600.0   6.9359744e-22
      73000.0   6.8632013e-22
      73400.0   6.7905847e-22
      73800.0   6.7191369e-22
      74200.0   6.6251716e-22
      74600.0   6.3519251e-22
      75000.0   6.2715167e-22
      75400.0   6.4176073e-22
      75800.0   6.3798962e-22
      76200.0   6.3157721e-22
      76600.0   6.2519601e-22
      77000.0   6.1892391e-22
      77400.0   6.1272963e-22
      77800.0   6.0664453e-22
      78200.0   6.0063727e-22
      78600.0   5.9472357e-22
      79000.0   5.8889547e-22
      79400.0   5.8314539e-22
      79800.0   5.7748104e-22
      80200.0   5.7190225e-22
      80600.0   5.6640153e-22
      81000.0   5.6098639e-22
      81400.0   5.5563372e-22
      81800.0   5.5036662e-22
      82200.0   5.4517753e-22
      82600.0   5.4005850e-22
      83000.0   5.3500966e-22
      83400.0   5.2998415e-22
      83800.0   5.2504431e-22
      84200.0   5.2023704e-22
      84600.0   5.1549201e-22
      85000.0   5.1078592e-22
      85400.0   5.0613444e-22
      85800.0   5.0155307e-22
      86200.0   4.9702618e-22
      86600.0   4.9256944e-22
      87000.0   4.8816729e-22
      87400.0   4.8381961e-22
      87800.0   4.7953429e-22
      88200.0   4.7530354e-22
      88600.0   4.7111955e-22
      89000.0   4.6700563e-22
      89400.0   4.6294626e-22
      89800.0   4.5892588e-22
      90200.0   4.5496777e-22
      90600.0   4.5105646e-22
      91000.0   4.4719188e-22
      91400.0   4.4338183e-22
      91800.0   4.3961859e-22
      92200.0   4.3590202e-22
      92600.0   4.3223224e-22
      93000.0   4.2860926e-22
      93400.0   4.2503289e-22
      93800.0   4.2149558e-22
      94200.0   4.1800503e-22
      94600.0   4.1456117e-22
      95000.0   4.1115626e-22
      95400.0   4.0777478e-22
      95800.0   4.0447123e-22
      96200.0   4.0118322e-22
      96600.0   3.9794194e-22
      97000.0   3.9473964e-22
      97400.0   3.9157631e-22
      97800.0   3.8844411e-22
      98200.0   3.8535087e-22
      98600.0   3.8230443e-22
      99000.0   3.7928917e-22
      99400.0   3.7630501e-22
      99800.0   3.7335204e-22
      100200.   3.7043804e-22
      200000.   9.4385971e-23
      400000.   2.3467154e-23
      600000.   1.0336955e-23
      800000.   5.7672522e-24
  1.00000e+06   3.6648777e-24
  1.20000e+06   2.5292699e-24
  1.40000e+06   1.8480608e-24
  1.60000e+06   1.4080759e-24
